time	X_Coordinate	Y_Coordinate	Z_Coordinate
0.0100s	 1.0000000     	0.0078238     	0.0000000
		 2.0000000     	0.0080070     	0.0000000
		 3.0000000     	0.0081902     	0.0000000
		 4.0000000     	0.0083733     	0.0000000

0.0200s	 1.0000004     	0.0153075     	0.0000000
		 2.0000000     	0.0161710     	0.0000000
		 2.9999996     	0.0170345     	0.0000000
		 3.9999993     	0.0178980     	0.0000000

0.0300s	 1.0000028     	0.0221370     	0.0000000
		 2.0000000     	0.0244920     	0.0000000
		 2.9999972     	0.0268470     	0.0000000
		 3.9999945     	0.0292020     	0.0000000

0.0400s	 1.0000124     	0.0279984     	0.0000000
		 2.0000000     	0.0329700     	0.0000000
		 2.9999876     	0.0379416     	0.0000000
		 3.9999753     	0.0429133     	0.0000000

0.0500s	 1.0000407     	0.0325776     	0.0000000
		 2.0000000     	0.0416050     	0.0000000
		 2.9999593     	0.0506324     	0.0000000
		 3.9999185     	0.0596598     	0.0000000

0.0600s	 1.0001101     	0.0355610     	0.0000000
		 2.0000000     	0.0503970     	0.0000000
		 2.9998899     	0.0652330     	0.0000000
		 3.9997799     	0.0800689     	0.0000000

0.0700s	 1.0002579     	0.0366353     	0.0000000
		 2.0000000     	0.0593460     	0.0000000
		 2.9997421     	0.0820567     	0.0000000
		 3.9994842     	0.1047674     	0.0000000

0.0800s	 1.0005435     	0.0354880     	0.0000000
		 2.0000000     	0.0684520     	0.0000000
		 2.9994565     	0.1014160     	0.0000000
		 3.9989131     	0.1343799     	0.0000000

0.0900s	 1.0010542     	0.0318089     	0.0000000
		 2.0000000     	0.0777150     	0.0000000
		 2.9989458     	0.1236211     	0.0000000
		 3.9978915     	0.1695273     	0.0000000

0.1000s	 1.0019142     	0.0252909     	0.0000000
		 2.0000000     	0.0871350     	0.0000000
		 2.9980858     	0.1489791     	0.0000000
		 3.9961716     	0.2108231     	0.0000000

0.1100s	 1.0032923     	0.0156336     	0.0000000
		 2.0000000     	0.0967120     	0.0000000
		 2.9967077     	0.1777904     	0.0000000
		 3.9934155     	0.2588688     	0.0000000

0.1200s	 1.0054122     	0.0025462     	0.0000000
		 2.0000000     	0.1064460     	0.0000000
		 2.9945878     	0.2103458     	0.0000000
		 3.9891755     	0.3142456     	0.0000000

0.1300s	 1.0085626     	-0.0142461    	0.0000000
		 2.0000000     	0.1163370     	0.0000000
		 2.9914374     	0.2469201     	0.0000000
		 3.9828747     	0.3775032     	0.0000000

0.1400s	 1.0131076     	-0.0349946    	0.0000000
		 2.0000000     	0.1263850     	0.0000000
		 2.9868924     	0.2877646     	0.0000000
		 3.9737848     	0.4491443     	0.0000000

0.1500s	 1.0194974     	-0.0599163    	0.0000000
		 2.0000000     	0.1365900     	0.0000000
		 2.9805026     	0.3330963     	0.0000000
		 3.9610051     	0.5296026     	0.0000000

0.1600s	 1.0282788     	-0.0891792    	0.0000000
		 2.0000000     	0.1469520     	0.0000000
		 2.9717212     	0.3830832     	0.0000000
		 3.9434424     	0.6192145     	0.0000000

0.1700s	 1.0401038     	-0.1228845    	0.0000000
		 2.0000000     	0.1574710     	0.0000000
		 2.9598962     	0.4378265     	0.0000000
		 3.9197925     	0.7181821     	0.0000000

0.1800s	 1.0557362     	-0.1610429    	0.0000000
		 2.0000000     	0.1681470     	0.0000000
		 2.9442638     	0.4973369     	0.0000000
		 3.8885275     	0.8265267     	0.0000000

0.1900s	 1.0760552     	-0.2035459    	0.0000000
		 2.0000000     	0.1789800     	0.0000000
		 2.9239448     	0.5615059     	0.0000000
		 3.8478896     	0.9440318     	0.0000000

0.2000s	 1.1020522     	-0.2501319    	0.0000000
		 2.0000000     	0.1899700     	0.0000000
		 2.8979478     	0.6300719     	0.0000000
		 3.7958956     	1.0701739     	0.0000000

0.2100s	 1.1348211     	-0.3003462    	0.0000000
		 2.0000000     	0.2011170     	0.0000000
		 2.8651789     	0.7025802     	0.0000000
		 3.7303579     	1.2040435     	0.0000000

0.2200s	 1.1755377     	-0.3534959    	0.0000000
		 2.0000000     	0.2124210     	0.0000000
		 2.8244623     	0.7783379     	0.0000000
		 3.6489246     	1.3442548     	0.0000000

0.2300s	 1.2254262     	-0.4086015    	0.0000000
		 2.0000000     	0.2238820     	0.0000000
		 2.7745738     	0.8563655     	0.0000000
		 3.5491476     	1.4888491     	0.0000000

0.2400s	 1.2857082     	-0.4643480    	0.0000000
		 2.0000000     	0.2355000     	0.0000000
		 2.7142918     	0.9353480     	0.0000000
		 3.4285836     	1.6351960     	0.0000000

0.2500s	 1.3575326     	-0.5190380    	0.0000000
		 2.0000000     	0.2472750     	0.0000000
		 2.6424674     	1.0135880     	0.0000000
		 3.2849347     	1.7799011     	0.0000000

0.2600s	 1.4418828     	-0.5705551    	0.0000000
		 2.0000000     	0.2592070     	0.0000000
		 2.5581172     	1.0889691     	0.0000000
		 3.1162344     	1.9187313     	0.0000000

0.2700s	 1.5394592     	-0.6163426    	0.0000000
		 2.0000000     	0.2712960     	0.0000000
		 2.4605408     	1.1589346     	0.0000000
		 2.9210815     	2.0465731     	0.0000000

0.2800s	 1.6505393     	-0.6534090    	0.0000000
		 2.0000000     	0.2835420     	0.0000000
		 2.3494607     	1.2204930     	0.0000000
		 2.6989214     	2.1574441     	0.0000000

0.2900s	 1.7748169     	-0.6783715    	0.0000000
		 2.0000000     	0.2959450     	0.0000000
		 2.2251831     	1.2702615     	0.0000000
		 2.4503662     	2.2445779     	0.0000000

0.3000s	 1.9112304     	-0.6875472    	0.0000000
		 2.0000000     	0.3085050     	0.0000000
		 2.0887696     	1.3045572     	0.0000000
		 2.1775392     	2.3006094     	0.0000000

0.3100s	 2.0577924     	-0.6771066    	0.0000000
		 2.0000000     	0.3212220     	0.0000000
		 1.9422076     	1.3195506     	0.0000000
		 1.8844153     	2.3178793     	0.0000000

0.3200s	 2.2114402     	-0.6432949    	0.0000000
		 2.0000000     	0.3340960     	0.0000000
		 1.7885598     	1.3114869     	0.0000000
		 1.5771195     	2.2888779     	0.0000000

0.3300s	 2.3679334     	-0.5827251    	0.0000000
		 2.0000000     	0.3471270     	0.0000000
		 1.6320666     	1.2769791     	0.0000000
		 1.2641331     	2.2068313     	0.0000000

0.3400s	 2.5218260     	-0.4927369    	0.0000000
		 2.0000000     	0.3603150     	0.0000000
		 1.4781740     	1.2133669     	0.0000000
		 0.9563479     	2.0664188     	0.0000000

0.3500s	 2.6665469     	-0.3718031    	0.0000000
		 2.0000000     	0.3736600     	0.0000000
		 1.3334531     	1.1191231     	0.0000000
		 0.6669062     	1.8645862     	0.0000000

0.3600s	 2.7946145     	-0.2199524    	0.0000000
		 2.0000000     	0.3871620     	0.0000000
		 1.2053855     	0.9942764     	0.0000000
		 0.4107711     	1.6013907     	0.0000000

0.3700s	 2.8980057     	-0.0391627    	0.0000000
		 2.0000000     	0.4008210     	0.0000000
		 1.1019943     	0.8408047     	0.0000000
		 0.2039885     	1.2807885     	0.0000000

0.3800s	 2.9686815     	0.1663304     	0.0000000
		 2.0000000     	0.4146370     	0.0000000
		 1.0313185     	0.6629436     	0.0000000
		 0.0626370     	0.9112502     	0.0000000

0.3900s	 2.9992495     	0.3898738     	0.0000000
		 2.0000000     	0.4286100     	0.0000000
		 1.0007505     	0.4673462     	0.0000000
		 0.0015011     	0.5060824     	0.0000000

0.4000s	 2.9837214     	0.6224405     	0.0000000
		 2.0000000     	0.4427400     	0.0000000
		 1.0162786     	0.2630395     	0.0000000
		 0.0325572     	0.0833391     	0.0000000

0.4100s	 2.9182959     	0.8529218     	0.0000000
		 2.0000000     	0.4570270     	0.0000000
		 1.0817041     	0.0611322     	0.0000000
		 0.1634082     	-0.3347626    	0.0000000

0.4200s	 2.8020817     	1.0686853     	0.0000000
		 2.0000000     	0.4714710     	0.0000000
		 1.1979183     	-0.1257433    	0.0000000
		 0.3958365     	-0.7229576    	0.0000000

0.4300s	 2.6376679     	1.2563834     	0.0000000
		 2.0000000     	0.4860720     	0.0000000
		 1.3623321     	-0.2842394    	0.0000000
		 0.7246643     	-1.0545508    	0.0000000

0.4400s	 2.4314538     	1.4029650     	0.0000000
		 2.0000000     	0.5008300     	0.0000000
		 1.5685462     	-0.4013050    	0.0000000
		 1.1370924     	-1.3034401    	0.0000000

0.4500s	 2.1936731     	1.4968111     	0.0000000
		 2.0000000     	0.5157450     	0.0000000
		 1.8063269     	-0.4653211    	0.0000000
		 1.6126538     	-1.4463872    	0.0000000

0.4600s	 1.9380723     	1.5288976     	0.0000000
		 2.0000000     	0.5308170     	0.0000000
		 2.0619277     	-0.4672636    	0.0000000
		 2.1238554     	-1.4653443    	0.0000000

0.4700s	 1.6812402     	1.4938815     	0.0000000
		 2.0000000     	0.5460460     	0.0000000
		 2.3187598     	-0.4017895    	0.0000000
		 2.6375195     	-1.3496251    	0.0000000

0.4800s	 1.4416120     	1.3910119     	0.0000000
		 2.0000000     	0.5614320     	0.0000000
		 2.5583880     	-0.2681479    	0.0000000
		 3.1167759     	-1.0977279    	0.0000000

0.4900s	 1.2381945     	1.2247808     	0.0000000
		 2.0000000     	0.5769750     	0.0000000
		 2.7618055     	-0.0708308    	0.0000000
		 3.5236111     	-0.7186366    	0.0000000

0.5000s	 1.0890720     	1.0052404     	0.0000000
		 2.0000000     	0.5926750     	0.0000000
		 2.9109280     	0.1801096     	0.0000000
		 3.8218560     	-0.2324557    	0.0000000

0.5100s	 1.0097625     	0.7479227     	0.0000000
		 2.0000000     	0.6085320     	0.0000000
		 2.9902375     	0.4691413     	0.0000000
		 3.9804749     	0.3297507     	0.0000000

0.5200s	 1.0115045     	0.4732954     	0.0000000
		 2.0000000     	0.6245460     	0.0000000
		 2.9884955     	0.7757966     	0.0000000
		 3.9769909     	0.9270471     	0.0000000

0.5300s	 1.0995833     	0.2056884     	0.0000000
		 2.0000000     	0.6407170     	0.0000000
		 2.9004167     	1.0757456     	0.0000000
		 3.8008333     	1.5107741     	0.0000000

0.5400s	 1.2718482     	-0.0283709    	0.0000000
		 2.0000000     	0.6570450     	0.0000000
		 2.7281518     	1.3424609     	0.0000000
		 3.4563036     	2.0278768     	0.0000000

0.5500s	 1.5176333     	-0.2024394    	0.0000000
		 2.0000000     	0.6735300     	0.0000000
		 2.4823667     	1.5494994     	0.0000000
		 2.9647335     	2.4254687     	0.0000000

0.5600s	 1.8173569     	-0.2930073    	0.0000000
		 2.0000000     	0.6901720     	0.0000000
		 2.1826431     	1.6733513     	0.0000000
		 2.3652862     	2.6565306     	0.0000000

0.5700s	 2.1431104     	-0.2827357    	0.0000000
		 2.0000000     	0.7069710     	0.0000000
		 1.8568896     	1.6966777     	0.0000000
		 1.7137791     	2.6863845     	0.0000000

0.5800s	 2.4605145     	-0.1637252    	0.0000000
		 2.0000000     	0.7239270     	0.0000000
		 1.5394855     	1.6115792     	0.0000000
		 1.0789711     	2.4992314     	0.0000000

0.5900s	 2.7319893     	0.0597239     	0.0000000
		 2.0000000     	0.7410400     	0.0000000
		 1.2680107     	1.4223561     	0.0000000
		 0.5360213     	2.1036722     	0.0000000

0.6000s	 2.9213301     	0.3695288     	0.0000000
		 2.0000000     	0.7583100     	0.0000000
		 1.0786699     	1.1470912     	0.0000000
		 0.1573397     	1.5358723     	0.0000000

0.6100s	 2.9991322     	0.7340854     	0.0000000
		 2.0000000     	0.7757370     	0.0000000
		 1.0008678     	0.8173886     	0.0000000
		 0.0017356     	0.8590401     	0.0000000

0.6200s	 2.9482524     	1.1108386     	0.0000000
		 2.0000000     	0.7933210     	0.0000000
		 1.0517476     	0.4758034     	0.0000000
		 0.1034953     	0.1582858     	0.0000000

0.6300s	 2.7682391     	1.4512250     	0.0000000
		 2.0000000     	0.8110620     	0.0000000
		 1.2317609     	0.1708990     	0.0000000
		 0.4635218     	-0.4692640    	0.0000000

0.6400s	 2.4776382     	1.7075166     	0.0000000
		 2.0000000     	0.8289600     	0.0000000
		 1.5223618     	-0.0495966    	0.0000000
		 1.0447236     	-0.9281532    	0.0000000

0.6500s	 2.1133423     	1.8405710     	0.0000000
		 2.0000000     	0.8470150     	0.0000000
		 1.8866577     	-0.1465410    	0.0000000
		 1.7733153     	-1.1400970    	0.0000000

0.6600s	 1.7266631     	1.8271454     	0.0000000
		 2.0000000     	0.8652270     	0.0000000
		 2.2733369     	-0.0966914    	0.0000000
		 2.5466737     	-1.0586098    	0.0000000

0.6700s	 1.3764367     	1.6653689     	0.0000000
		 2.0000000     	0.8835960     	0.0000000
		 2.6235633     	0.1018231     	0.0000000
		 3.2471266     	-0.6799497    	0.0000000

0.6800s	 1.1200556     	1.3771986     	0.0000000
		 2.0000000     	0.9021220     	0.0000000
		 2.8799444     	0.4270454     	0.0000000
		 3.7598889     	-0.0480313    	0.0000000

0.6900s	 1.0037325     	1.0071251     	0.0000000
		 2.0000000     	0.9208050     	0.0000000
		 2.9962675     	0.8344849     	0.0000000
		 3.9925349     	0.7481647     	0.0000000

0.7000s	 1.0535079     	0.6169181     	0.0000000
		 2.0000000     	0.9396450     	0.0000000
		 2.9464921     	1.2623719     	0.0000000
		 3.8929843     	1.5850987     	0.0000000

0.7100s	 1.2685545     	0.2767421     	0.0000000
		 2.0000000     	0.9586420     	0.0000000
		 2.7314455     	1.6405419     	0.0000000
		 3.4628911     	2.3224417     	0.0000000

0.7200s	 1.6182611     	0.0535258     	0.0000000
		 2.0000000     	0.9777960     	0.0000000
		 2.3817389     	1.9020662     	0.0000000
		 2.7634778     	2.8263364     	0.0000000

0.7300s	 2.0443436     	-0.0019093    	0.0000000
		 2.0000000     	0.9971070     	0.0000000
		 1.9556564     	1.9961233     	0.0000000
		 1.9113129     	2.9951397     	0.0000000

0.7400s	 2.4687112     	0.1332236     	0.0000000
		 2.0000000     	1.0165750     	0.0000000
		 1.5312888     	1.8999264     	0.0000000
		 1.0625775     	2.7832779     	0.0000000

0.7500s	 2.8068405     	0.4454307     	0.0000000
		 2.0000000     	1.0362000     	0.0000000
		 1.1931595     	1.6269693     	0.0000000
		 0.3863189     	2.2177386     	0.0000000

0.7600s	 2.9849571     	0.8831832     	0.0000000
		 2.0000000     	1.0559820     	0.0000000
		 1.0150429     	1.2287808     	0.0000000
		 0.0300857     	1.4015797     	0.0000000

0.7700s	 2.9577132     	1.3636456     	0.0000000
		 2.0000000     	1.0759210     	0.0000000
		 1.0422868     	0.7881964     	0.0000000
		 0.0845736     	0.5004719     	0.0000000

0.7800s	 2.7218919     	1.7880228     	0.0000000
		 2.0000000     	1.0960170     	0.0000000
		 1.2781081     	0.4040112     	0.0000000
		 0.5562161     	-0.2879946    	0.0000000

0.7900s	 2.3217050     	2.0631100     	0.0000000
		 2.0000000     	1.1162700     	0.0000000
		 1.6782950     	0.1694300     	0.0000000
		 1.3565900     	-0.7774099    	0.0000000

0.8000s	 1.8428496     	2.1242547     	0.0000000
		 2.0000000     	1.1366800     	0.0000000
		 2.1571504     	0.1491053     	0.0000000
		 2.3143008     	-0.8384694    	0.0000000

0.8100s	 1.3953577     	1.9537441     	0.0000000
		 2.0000000     	1.1572470     	0.0000000
		 2.6046423     	0.3607499     	0.0000000
		 3.2092846     	-0.4357472    	0.0000000

0.8200s	 1.0884682     	1.5892007     	0.0000000
		 2.0000000     	1.1779710     	0.0000000
		 2.9115318     	0.7667413     	0.0000000
		 3.8230635     	0.3555117     	0.0000000

0.8300s	 1.0032119     	1.1187675     	0.0000000
		 2.0000000     	1.1988520     	0.0000000
		 2.9967881     	1.2789365     	0.0000000
		 3.9935762     	1.3590209     	0.0000000

0.8400s	 1.1694408     	0.6629596     	0.0000000
		 2.0000000     	1.2198900     	0.0000000
		 2.8305592     	1.7768204     	0.0000000
		 3.6611183     	2.3337508     	0.0000000

0.8500s	 1.5535877     	0.3462576     	0.0000000
		 2.0000000     	1.2410850     	0.0000000
		 2.4464123     	2.1359124     	0.0000000
		 2.8928245     	3.0307398     	0.0000000

0.8600s	 2.0616944     	0.2643419     	0.0000000
		 2.0000000     	1.2624370     	0.0000000
		 1.9383056     	2.2605321     	0.0000000
		 1.8766111     	3.2586272     	0.0000000

0.8700s	 2.5592958     	0.4549779     	0.0000000
		 2.0000000     	1.2839460     	0.0000000
		 1.4407042     	2.1129141     	0.0000000
		 0.8814084     	2.9418823     	0.0000000

0.8800s	 2.9055620     	0.8813980     	0.0000000
		 2.0000000     	1.3056120     	0.0000000
		 1.0944380     	1.7298260     	0.0000000
		 0.1888761     	2.1540400     	0.0000000

0.8900s	 2.9941384     	1.4355495     	0.0000000
		 2.0000000     	1.3274350     	0.0000000
		 1.0058616     	1.2193205     	0.0000000
		 0.0117231     	1.1112060     	0.0000000

0.9000s	 2.7889115     	1.9639218     	0.0000000
		 2.0000000     	1.3494150     	0.0000000
		 1.2110885     	0.7349082     	0.0000000
		 0.4221770     	0.1204013     	0.0000000

0.9100s	 2.3418523     	2.3113057     	0.0000000
		 2.0000000     	1.3715520     	0.0000000
		 1.6581477     	0.4317983     	0.0000000
		 1.3162953     	-0.5079554    	0.0000000

0.9200s	 1.7840151     	2.3702427     	0.0000000
		 2.0000000     	1.3938460     	0.0000000
		 2.2159849     	0.4174493     	0.0000000
		 2.4319698     	-0.5589474    	0.0000000

0.9300s	 1.2892516     	2.1197433     	0.0000000
		 2.0000000     	1.4162970     	0.0000000
		 2.7107484     	0.7128507     	0.0000000
		 3.4214969     	0.0094044     	0.0000000

0.9400s	 1.0201536     	1.6386574     	0.0000000
		 2.0000000     	1.4389050     	0.0000000
		 2.9798464     	1.2391526     	0.0000000
		 3.9596928     	1.0394002     	0.0000000

0.9500s	 1.0729956     	1.0866197     	0.0000000
		 2.0000000     	1.4616700     	0.0000000
		 2.9270044     	1.8367203     	0.0000000
		 3.8540089     	2.2117707     	0.0000000

0.9600s	 1.4402453     	0.6559336     	0.0000000
		 2.0000000     	1.4845920     	0.0000000
		 2.5597547     	2.3132504     	0.0000000
		 3.1195093     	3.1419088     	0.0000000

0.9700s	 2.0051630     	0.5076843     	0.0000000
		 2.0000000     	1.5076710     	0.0000000
		 1.9948370     	2.5076577     	0.0000000
		 1.9896739     	3.5076443     	0.0000000

0.9800s	 2.5742084     	0.7121978     	0.0000000
		 2.0000000     	1.5309070     	0.0000000
		 1.4257916     	2.3496162     	0.0000000
		 0.8515833     	3.1683254     	0.0000000

0.9900s	 2.9409427     	1.2157342     	0.0000000
		 2.0000000     	1.5543000     	0.0000000
		 1.0590573     	1.8928658     	0.0000000
		 0.1181146     	2.2314317     	0.0000000

1.0000s	 2.9622723     	1.8499381     	0.0000000
		 2.0000000     	1.5778500     	0.0000000
		 1.0377277     	1.3057619     	0.0000000
		 0.0754553     	1.0336738     	0.0000000

1.0100s	 2.6188983     	2.3870281     	0.0000000
		 2.0000000     	1.6015570     	0.0000000
		 1.3811017     	0.8160859     	0.0000000
		 0.7622034     	0.0306148     	0.0000000

1.0200s	 2.0327982     	2.6248830     	0.0000000
		 2.0000000     	1.6254210     	0.0000000
		 1.9672018     	0.6259590     	0.0000000
		 1.9344036     	-0.3735030    	0.0000000

1.0300s	 1.4286641     	2.4701584     	0.0000000
		 2.0000000     	1.6494420     	0.0000000
		 2.5713359     	0.8287256     	0.0000000
		 3.1426717     	0.0080093     	0.0000000

1.0400s	 1.0493315     	1.9838288     	0.0000000
		 2.0000000     	1.6736200     	0.0000000
		 2.9506685     	1.3634112     	0.0000000
		 3.9013369     	1.0532025     	0.0000000

1.0500s	 1.0566642     	1.3661152     	0.0000000
		 2.0000000     	1.6979550     	0.0000000
		 2.9433358     	2.0297948     	0.0000000
		 3.8866715     	2.3616346     	0.0000000

1.0600s	 1.4585056     	0.8817426     	0.0000000
		 2.0000000     	1.7224470     	0.0000000
		 2.5414944     	2.5631514     	0.0000000
		 3.0829887     	3.4038558     	0.0000000

1.0700s	 2.0949335     	0.7516124     	0.0000000
		 2.0000000     	1.7470960     	0.0000000
		 1.9050665     	2.7425796     	0.0000000
		 1.8101330     	3.7380632     	0.0000000

1.0800s	 2.6958124     	1.0536784     	0.0000000
		 2.0000000     	1.7719020     	0.0000000
		 1.3041876     	2.4901256     	0.0000000
		 0.6083752     	3.2083491     	0.0000000

1.0900s	 2.9928642     	1.6776142     	0.0000000
		 2.0000000     	1.7968650     	0.0000000
		 1.0071358     	1.9161158     	0.0000000
		 0.0142717     	2.0353667     	0.0000000

1.1000s	 2.8422934     	2.3610042     	0.0000000
		 2.0000000     	1.8219850     	0.0000000
		 1.1577066     	1.2829658     	0.0000000
		 0.3154131     	0.7439465     	0.0000000

1.1100s	 2.3011442     	2.8008406     	0.0000000
		 2.0000000     	1.8472620     	0.0000000
		 1.6988558     	0.8936834     	0.0000000
		 1.3977116     	-0.0598952    	0.0000000

1.1200s	 1.6140113     	2.7951995     	0.0000000
		 2.0000000     	1.8726960     	0.0000000
		 2.3859887     	0.9501925     	0.0000000
		 2.7719773     	0.0276890     	0.0000000

1.1300s	 1.1066142     	2.3475773     	0.0000000
		 2.0000000     	1.8982870     	0.0000000
		 2.8933858     	1.4489967     	0.0000000
		 3.7867716     	0.9997064     	0.0000000

1.1400s	 1.0308360     	1.6776182     	0.0000000
		 2.0000000     	1.9240350     	0.0000000
		 2.9691640     	2.1704518     	0.0000000
		 3.9383279     	2.4168685     	0.0000000

1.1500s	 1.4351570     	1.1247416     	0.0000000
		 2.0000000     	1.9499400     	0.0000000
		 2.5648430     	2.7751384     	0.0000000
		 3.1296860     	3.6003368     	0.0000000

1.1600s	 2.1278923     	0.9842139     	0.0000000
		 2.0000000     	1.9760020     	0.0000000
		 1.8721077     	2.9677901     	0.0000000
		 1.7442155     	3.9595781     	0.0000000

1.1700s	 2.7603648     	1.3527248     	0.0000000
		 2.0000000     	2.0022210     	0.0000000
		 1.2396352     	2.6517172     	0.0000000
		 0.4792703     	3.3012134     	0.0000000

1.1800s	 2.9993555     	2.0644939     	0.0000000
		 2.0000000     	2.0285970     	0.0000000
		 1.0006445     	1.9927001     	0.0000000
		 0.0012890     	1.9568031     	0.0000000

1.1900s	 2.7068437     	2.7624997     	0.0000000
		 2.0000000     	2.0551300     	0.0000000
		 1.2931563     	1.3477603     	0.0000000
		 0.5863125     	0.6403905     	0.0000000

1.2000s	 2.0284004     	3.0814166     	0.0000000
		 2.0000000     	2.0818200     	0.0000000
		 1.9715996     	1.0822234     	0.0000000
		 1.9431993     	0.0826267     	0.0000000

1.2100s	 1.3296248     	2.8506893     	0.0000000
		 2.0000000     	2.1086670     	0.0000000
		 2.6703752     	1.3666447     	0.0000000
		 3.3407503     	0.6246223     	0.0000000

1.2200s	 1.0022146     	2.2021868     	0.0000000
		 2.0000000     	2.1356710     	0.0000000
		 2.9977854     	2.0691552     	0.0000000
		 3.9955707     	2.0026395     	0.0000000

1.2300s	 1.2412928     	1.5114002     	0.0000000
		 2.0000000     	2.1628320     	0.0000000
		 2.7587072     	2.8142638     	0.0000000
		 3.5174144     	3.4656955     	0.0000000

1.2400s	 1.9215775     	1.1932298     	0.0000000
		 2.0000000     	2.1901500     	0.0000000
		 2.0784225     	3.1870702     	0.0000000
		 2.1568450     	4.1839904     	0.0000000

1.2500s	 2.6528781     	1.4601620     	0.0000000
		 2.0000000     	2.2176250     	0.0000000
		 1.3471219     	2.9750880     	0.0000000
		 0.6942439     	3.7325510     	0.0000000

1.2600s	 2.9980559     	2.1829313     	0.0000000
		 2.0000000     	2.2452570     	0.0000000
		 1.0019441     	2.3075827     	0.0000000
		 0.0038883     	2.3699084     	0.0000000

1.2700s	 2.7372886     	2.9486239     	0.0000000
		 2.0000000     	2.2730460     	0.0000000
		 1.2627114     	1.5974681     	0.0000000
		 0.5254229     	0.9218901     	0.0000000

1.2800s	 2.0181388     	3.3008275     	0.0000000
		 2.0000000     	2.3009920     	0.0000000
		 1.9818612     	1.3011565     	0.0000000
		 1.9637225     	0.3013210     	0.0000000

1.2900s	 1.2831341     	3.0263060     	0.0000000
		 2.0000000     	2.3290950     	0.0000000
		 2.7168659     	1.6318840     	0.0000000
		 3.4337319     	0.9346729     	0.0000000

1.3000s	 1.0013707     	2.3050136     	0.0000000
		 2.0000000     	2.3573550     	0.0000000
		 2.9986293     	2.4096964     	0.0000000
		 3.9972585     	2.4620377     	0.0000000

1.3100s	 1.3649998     	1.6132600     	0.0000000
		 2.0000000     	2.3857720     	0.0000000
		 2.6350002     	3.1582840     	0.0000000
		 3.2700004     	3.9307960     	0.0000000

1.3200s	 2.1486941     	1.4254628     	0.0000000
		 2.0000000     	2.4143460     	0.0000000
		 1.8513059     	3.4032292     	0.0000000
		 1.7026118     	4.3921125     	0.0000000

1.3300s	 2.8379876     	1.8973878     	0.0000000
		 2.0000000     	2.4430770     	0.0000000
		 1.1620124     	2.9887662     	0.0000000
		 0.3240248     	3.5344555     	0.0000000

1.3400s	 2.9626251     	2.7428024     	0.0000000
		 2.0000000     	2.4719650     	0.0000000
		 1.0373749     	2.2011276     	0.0000000
		 0.0747498     	1.9302902     	0.0000000

1.3500s	 2.4242154     	3.4065713     	0.0000000
		 2.0000000     	2.5010100     	0.0000000
		 1.5757846     	1.5954487     	0.0000000
		 1.1515692     	0.6898874     	0.0000000

1.3600s	 1.5858390     	3.4404156     	0.0000000
		 2.0000000     	2.5302120     	0.0000000
		 2.4141610     	1.6200084     	0.0000000
		 2.8283220     	0.7098047     	0.0000000

1.3700s	 1.0368142     	2.8284076     	0.0000000
		 2.0000000     	2.5595710     	0.0000000
		 2.9631858     	2.2907344     	0.0000000
		 3.9263716     	2.0218978     	0.0000000

1.3800s	 1.1780102     	2.0195847     	0.0000000
		 2.0000000     	2.5890870     	0.0000000
		 2.8219898     	3.1585893     	0.0000000
		 3.6439795     	3.7280915     	0.0000000

1.3900s	 1.9199999     	1.6219651     	0.0000000
		 2.0000000     	2.6187600     	0.0000000
		 2.0800001     	3.6155549     	0.0000000
		 2.1600002     	4.6123497     	0.0000000

1.4000s	 2.7254766     	1.9603432     	0.0000000
		 2.0000000     	2.6485900     	0.0000000
		 1.2745234     	3.3368368     	0.0000000
		 0.5490467     	4.0250836     	0.0000000

1.4100s	 2.9902346     	2.8179882     	0.0000000
		 2.0000000     	2.6785770     	0.0000000
		 1.0097654     	2.5391658     	0.0000000
		 0.0195308     	2.3997547     	0.0000000

1.4200s	 2.5012057     	3.5740492     	0.0000000
		 2.0000000     	2.7087210     	0.0000000
		 1.4987943     	1.8433928     	0.0000000
		 0.9975887     	0.9780646     	0.0000000

1.4300s	 1.6219659     	3.6648137     	0.0000000
		 2.0000000     	2.7390220     	0.0000000
		 2.3780341     	1.8132303     	0.0000000
		 2.7560683     	0.8874387     	0.0000000

1.4400s	 1.0346348     	3.0303825     	0.0000000
		 2.0000000     	2.7694800     	0.0000000
		 2.9653652     	2.5085775     	0.0000000
		 3.9307303     	2.2476750     	0.0000000

1.4500s	 1.2110623     	2.1856217     	0.0000000
		 2.0000000     	2.8000950     	0.0000000
		 2.7889377     	3.4145683     	0.0000000
		 3.5778753     	4.0290415     	0.0000000

1.4600s	 2.0233287     	1.8311392     	0.0000000
		 2.0000000     	2.8308670     	0.0000000
		 1.9766713     	3.8305948     	0.0000000
		 1.9533425     	4.8303227     	0.0000000

1.4700s	 2.8207626     	2.2905266     	0.0000000
		 2.0000000     	2.8617960     	0.0000000
		 1.1792374     	3.4330654     	0.0000000
		 0.3584748     	4.0043348     	0.0000000

1.4800s	 2.9432652     	3.2249224     	0.0000000
		 2.0000000     	2.8928820     	0.0000000
		 1.0567348     	2.5608416     	0.0000000
		 0.1134697     	2.2288012     	0.0000000

1.4900s	 2.2752624     	3.8854941     	0.0000000
		 2.0000000     	2.9241250     	0.0000000
		 1.7247376     	1.9627559     	0.0000000
		 1.4494752     	1.0013867     	0.0000000

1.5000s	 1.3702158     	3.7322951     	0.0000000
		 2.0000000     	2.9555250     	0.0000000
		 2.6297842     	2.1787549     	0.0000000
		 3.2595684     	1.4019847     	0.0000000

1.5100s	 1.0029718     	2.9100450     	0.0000000
		 2.0000000     	2.9870820     	0.0000000
		 2.9970282     	3.0641190     	0.0000000
		 3.9940565     	3.1411559     	0.0000000

1.5200s	 1.5027095     	2.1512119     	0.0000000
		 2.0000000     	3.0187960     	0.0000000
		 2.4972905     	3.8863801     	0.0000000
		 2.9945810     	4.7539642     	0.0000000

1.5300s	 2.4435697     	2.1544271     	0.0000000
		 2.0000000     	3.0506670     	0.0000000
		 1.5564303     	3.9469069     	0.0000000
		 1.1128606     	4.8431468     	0.0000000

1.5400s	 2.9923088     	2.9589077     	0.0000000
		 2.0000000     	3.0826950     	0.0000000
		 1.0076912     	3.2064823     	0.0000000
		 0.0153825     	3.3302696     	0.0000000

1.5500s	 2.6447858     	3.8792433     	0.0000000
		 2.0000000     	3.1148800     	0.0000000
		 1.3552142     	2.3505167     	0.0000000
		 0.7104284     	1.5861534     	0.0000000

1.5600s	 1.7042675     	4.1024928     	0.0000000
		 2.0000000     	3.1472220     	0.0000000
		 2.2957325     	2.1919512     	0.0000000
		 2.5914649     	1.2366804     	0.0000000

1.5700s	 1.0343988     	3.4397484     	0.0000000
		 2.0000000     	3.1797210     	0.0000000
		 2.9656012     	2.9196936     	0.0000000
		 3.9312025     	2.6596661     	0.0000000

1.5800s	 1.2689938     	2.5300061     	0.0000000
		 2.0000000     	3.2123770     	0.0000000
		 2.7310062     	3.8947479     	0.0000000
		 3.4620123     	4.5771187     	0.0000000

1.5900s	 2.1996493     	2.2653226     	0.0000000
		 2.0000000     	3.2451900     	0.0000000
		 1.8003507     	4.2250574     	0.0000000
		 1.6007013     	5.2049248     	0.0000000

1.6000s	 2.9420868     	2.9427909     	0.0000000
		 2.0000000     	3.2781600     	0.0000000
		 1.0579132     	3.6135291     	0.0000000
		 0.1158264     	3.9488983     	0.0000000

1.6100s	 2.7694190     	3.9500313     	0.0000000
		 2.0000000     	3.3112870     	0.0000000
		 1.2305810     	2.6725427     	0.0000000
		 0.4611619     	2.0337983     	0.0000000

1.6200s	 1.8369360     	4.3311865     	0.0000000
		 2.0000000     	3.3445710     	0.0000000
		 2.1630640     	2.3579555     	0.0000000
		 2.3261280     	1.3713400     	0.0000000

1.6300s	 1.0636370     	3.7290452     	0.0000000
		 2.0000000     	3.3780120     	0.0000000
		 2.9363630     	3.0269788     	0.0000000
		 3.8727260     	2.6759456     	0.0000000

1.6400s	 1.2327036     	2.7703174     	0.0000000
		 2.0000000     	3.4116100     	0.0000000
		 2.7672964     	4.0529026     	0.0000000
		 3.5345928     	4.6941952     	0.0000000

1.6500s	 2.1858762     	2.4627918     	0.0000000
		 2.0000000     	3.4453650     	0.0000000
		 1.8141238     	4.4279382     	0.0000000
		 1.6282476     	5.4105114     	0.0000000

1.6600s	 2.9507129     	3.1692043     	0.0000000
		 2.0000000     	3.4792770     	0.0000000
		 1.0492871     	3.7893497     	0.0000000
		 0.0985743     	4.0994224     	0.0000000

1.6700s	 2.7245980     	4.2025178     	0.0000000
		 2.0000000     	3.5133460     	0.0000000
		 1.2754020     	2.8241742     	0.0000000
		 0.5508040     	2.1350024     	0.0000000

1.6800s	 1.7313251     	4.5108029     	0.0000000
		 2.0000000     	3.5475720     	0.0000000
		 2.2686749     	2.5843411     	0.0000000
		 2.5373498     	1.6211102     	0.0000000

1.6900s	 1.0219098     	3.7901364     	0.0000000
		 2.0000000     	3.5819550     	0.0000000
		 2.9780902     	3.3737736     	0.0000000
		 3.9561805     	3.1655922     	0.0000000

1.7000s	 1.3674066     	2.8420109     	0.0000000
		 2.0000000     	3.6164950     	0.0000000
		 2.6325934     	4.3909791     	0.0000000
		 3.2651868     	5.1654632     	0.0000000

1.7100s	 2.4054599     	2.7370792     	0.0000000
		 2.0000000     	3.6511920     	0.0000000
		 1.5945401     	4.5653048     	0.0000000
		 1.1890802     	5.4794177     	0.0000000

1.7200s	 2.9990354     	3.6421333     	0.0000000
		 2.0000000     	3.6860460     	0.0000000
		 1.0009646     	3.7299587     	0.0000000
		 0.0019293     	3.7738713     	0.0000000

1.7300s	 2.4779492     	4.5994445     	0.0000000
		 2.0000000     	3.7210570     	0.0000000
		 1.5220508     	2.8426695     	0.0000000
		 1.0441017     	1.9642820     	0.0000000

1.7400s	 1.4150104     	4.5672658     	0.0000000
		 2.0000000     	3.7562250     	0.0000000
		 2.5849896     	2.9451842     	0.0000000
		 3.1699792     	2.1341434     	0.0000000

1.7500s	 1.0168473     	3.6087641     	0.0000000
		 2.0000000     	3.7915500     	0.0000000
		 2.9831527     	3.9743359     	0.0000000
		 3.9663055     	4.1571218     	0.0000000

1.7600s	 1.7519942     	2.8582735     	0.0000000
		 2.0000000     	3.8270320     	0.0000000
		 2.2480058     	4.7957905     	0.0000000
		 2.4960116     	5.7645491     	0.0000000

1.7700s	 2.7787047     	3.2352804     	0.0000000
		 2.0000000     	3.8626710     	0.0000000
		 1.2212953     	4.4900616     	0.0000000
		 0.4425906     	5.1174522     	0.0000000

1.7800s	 2.8906334     	4.3531890     	0.0000000
		 2.0000000     	3.8984670     	0.0000000
		 1.1093666     	3.4437450     	0.0000000
		 0.2187332     	2.9890229     	0.0000000

1.7900s	 1.9415838     	4.9327123     	0.0000000
		 2.0000000     	3.9344200     	0.0000000
		 2.0584162     	2.9361277     	0.0000000
		 2.1168323     	1.9378354     	0.0000000

1.8000s	 1.0601134     	4.3120168     	0.0000000
		 2.0000000     	3.9705300     	0.0000000
		 2.9398866     	3.6290432     	0.0000000
		 3.8797731     	3.2875564     	0.0000000

1.8100s	 1.3191745     	3.2743514     	0.0000000
		 2.0000000     	4.0067970     	0.0000000
		 2.6808255     	4.7392426     	0.0000000
		 3.3616511     	5.4716882     	0.0000000

1.8200s	 2.4152824     	3.1335285     	0.0000000
		 2.0000000     	4.0432210     	0.0000000
		 1.5847176     	4.9529135     	0.0000000
		 1.1694352     	5.8626061     	0.0000000

1.8300s	 2.9991355     	4.1213738     	0.0000000
		 2.0000000     	4.0798020     	0.0000000
		 1.0008645     	4.0382302     	0.0000000
		 0.0017290     	3.9966585     	0.0000000

1.8400s	 2.3316842     	5.0599305     	0.0000000
		 2.0000000     	4.1165400     	0.0000000
		 1.6683158     	3.1731495     	0.0000000
		 1.3366317     	2.2297590     	0.0000000

1.8500s	 1.2422904     	4.8060269     	0.0000000
		 2.0000000     	4.1534350     	0.0000000
		 2.7577096     	3.5008431     	0.0000000
		 3.5154192     	2.8482513     	0.0000000

1.8600s	 1.1192975     	3.7168171     	0.0000000
		 2.0000000     	4.1904870     	0.0000000
		 2.8807025     	4.6641569     	0.0000000
		 3.7614049     	5.1378268     	0.0000000

1.8700s	 2.1333754     	3.2366304     	0.0000000
		 2.0000000     	4.2276960     	0.0000000
		 1.8666246     	5.2187616     	0.0000000
		 1.7332492     	6.2098272     	0.0000000

1.8800s	 2.9761194     	4.0478274     	0.0000000
		 2.0000000     	4.2650620     	0.0000000
		 1.0238806     	4.4822966     	0.0000000
		 0.0477611     	4.6995311     	0.0000000

1.8900s	 2.5351791     	5.1473236     	0.0000000
		 2.0000000     	4.3025850     	0.0000000
		 1.4648209     	3.4578464     	0.0000000
		 0.9296419     	2.6131077     	0.0000000

1.9000s	 1.3812453     	5.1258493     	0.0000000
		 2.0000000     	4.3402650     	0.0000000
		 2.6187547     	3.5546807     	0.0000000
		 3.2375093     	2.7690964     	0.0000000

1.9100s	 1.0555337     	4.0494937     	0.0000000
		 2.0000000     	4.3781020     	0.0000000
		 2.9444663     	4.7067103     	0.0000000
		 3.8889326     	5.0353186     	0.0000000

1.9200s	 2.0091394     	3.4161378     	0.0000000
		 2.0000000     	4.4160960     	0.0000000
		 1.9908606     	5.4160542     	0.0000000
		 1.9817212     	6.4160125     	0.0000000

1.9300s	 2.9524372     	4.1495122     	0.0000000
		 2.0000000     	4.4542470     	0.0000000
		 1.0475628     	4.7589818     	0.0000000
		 0.0951255     	5.0637167     	0.0000000

1.9400s	 2.5822123     	5.3055918     	0.0000000
		 2.0000000     	4.4925550     	0.0000000
		 1.4177877     	3.6795182     	0.0000000
		 0.8355754     	2.8664814     	0.0000000

1.9500s	 1.3992819     	5.3304809     	0.0000000
		 2.0000000     	4.5310200     	0.0000000
		 2.6007181     	3.7315591     	0.0000000
		 3.2014363     	2.9320982     	0.0000000

1.9600s	 1.0592817     	4.2304532     	0.0000000
		 2.0000000     	4.5696420     	0.0000000
		 2.9407183     	4.9088308     	0.0000000
		 3.8814366     	5.2480197     	0.0000000

1.9700s	 2.0543226     	3.6098976     	0.0000000
		 2.0000000     	4.6084210     	0.0000000
		 1.9456774     	5.6069444     	0.0000000
		 1.8913549     	6.6054679     	0.0000000

1.9800s	 2.9735602     	4.4189263     	0.0000000
		 2.0000000     	4.6473570     	0.0000000
		 1.0264398     	4.8757877     	0.0000000
		 0.0528796     	5.1042184     	0.0000000

1.9900s	 2.4866726     	5.5600345     	0.0000000
		 2.0000000     	4.6864500     	0.0000000
		 1.5133274     	3.8128655     	0.0000000
		 1.0266548     	2.9392811     	0.0000000

2.0000s	 1.2885733     	5.4284603     	0.0000000
		 2.0000000     	4.7257000     	0.0000000
		 2.7114267     	4.0229397     	0.0000000
		 3.4228535     	3.3201795     	0.0000000

2.0100s	 1.1357479     	4.2620480     	0.0000000
		 2.0000000     	4.7651070     	0.0000000
		 2.8642521     	5.2681660     	0.0000000
		 3.7285042     	5.7712250     	0.0000000

2.0200s	 2.2661638     	3.8407432     	0.0000000
		 2.0000000     	4.8046710     	0.0000000
		 1.7338362     	5.7685988     	0.0000000
		 1.4676724     	6.7325266     	0.0000000

2.0300s	 2.9998269     	4.8629980     	0.0000000
		 2.0000000     	4.8443920     	0.0000000
		 1.0001731     	4.8257860     	0.0000000
		 0.0003462     	4.8071800     	0.0000000

2.0400s	 2.2233140     	5.8590166     	0.0000000
		 2.0000000     	4.8842700     	0.0000000
		 1.7766860     	3.9095234     	0.0000000
		 1.5533720     	2.9347769     	0.0000000

2.0500s	 1.1049563     	5.3702835     	0.0000000
		 2.0000000     	4.9243050     	0.0000000
		 2.8950437     	4.4783265     	0.0000000
		 3.7900873     	4.0323480     	0.0000000

2.0600s	 1.3613618     	4.1949898     	0.0000000
		 2.0000000     	4.9644970     	0.0000000
		 2.6386382     	5.7340042     	0.0000000
		 3.2772763     	6.5035113     	0.0000000

2.0700s	 2.6086342     	4.2113950     	0.0000000
		 2.0000000     	5.0048460     	0.0000000
		 1.3913658     	5.7982970     	0.0000000
		 0.7827317     	6.5917480     	0.0000000

2.0800s	 2.9057840     	5.4690917     	0.0000000
		 2.0000000     	5.0453520     	0.0000000
		 1.0942160     	4.6216123     	0.0000000
		 0.1884319     	4.1978727     	0.0000000

2.0900s	 1.7742265     	6.0601948     	0.0000000
		 2.0000000     	5.0860150     	0.0000000
		 2.2257735     	4.1118352     	0.0000000
		 2.4515471     	3.1376554     	0.0000000

2.1000s	 1.0003024     	5.1022439     	0.0000000
		 2.0000000     	5.1268350     	0.0000000
		 2.9996976     	5.1514261     	0.0000000
		 3.9993952     	5.1760172     	0.0000000

2.1100s	 1.8289084     	4.1825569     	0.0000000
		 2.0000000     	5.1678120     	0.0000000
		 2.1710916     	6.1530671     	0.0000000
		 2.3421831     	7.1383223     	0.0000000

2.1200s	 2.9353166     	4.8551341     	0.0000000
		 2.0000000     	5.2089460     	0.0000000
		 1.0646834     	5.5627579     	0.0000000
		 0.1293668     	5.9165698     	0.0000000

2.1300s	 2.5178727     	6.1056947     	0.0000000
		 2.0000000     	5.2502370     	0.0000000
		 1.4821273     	4.3947793     	0.0000000
		 0.9642546     	3.5393216     	0.0000000

2.1400s	 1.2483545     	5.9512523     	0.0000000
		 2.0000000     	5.2916850     	0.0000000
		 2.7516455     	4.6321177     	0.0000000
		 3.5032911     	3.9725504     	0.0000000

2.1500s	 1.2232415     	4.7034915     	0.0000000
		 2.0000000     	5.3332900     	0.0000000
		 2.7767585     	5.9630885     	0.0000000
		 3.5535171     	6.5928871     	0.0000000

2.1600s	 2.4957734     	4.5066001     	0.0000000
		 2.0000000     	5.3750520     	0.0000000
		 1.5042266     	6.2435039     	0.0000000
		 1.0084532     	7.1119558     	0.0000000

2.1700s	 2.9348045     	5.7721336     	0.0000000
		 2.0000000     	5.4169710     	0.0000000
		 1.0651955     	5.0618084     	0.0000000
		 0.1303909     	4.7066458     	0.0000000

2.1800s	 1.7872454     	6.4361527     	0.0000000
		 2.0000000     	5.4590470     	0.0000000
		 2.2127546     	4.4819413     	0.0000000
		 2.4255093     	3.5048357     	0.0000000

2.1900s	 1.0026201     	5.4289385     	0.0000000
		 2.0000000     	5.5012800     	0.0000000
		 2.9973799     	5.5736215     	0.0000000
		 3.9947598     	5.6459631     	0.0000000

2.2000s	 1.9370808     	4.5456514     	0.0000000
		 2.0000000     	5.5436700     	0.0000000
		 2.0629192     	6.5416886     	0.0000000
		 2.1258383     	7.5397073     	0.0000000

2.2100s	 2.9817212     	5.3958924     	0.0000000
		 2.0000000     	5.5862170     	0.0000000
		 1.0182788     	5.7765416     	0.0000000
		 0.0365576     	5.9668663     	0.0000000

2.2200s	 2.3079613     	6.5803199     	0.0000000
		 2.0000000     	5.6289210     	0.0000000
		 1.6920387     	4.6775221     	0.0000000
		 1.3840774     	3.7261232     	0.0000000

2.2300s	 1.0901202     	6.0866540     	0.0000000
		 2.0000000     	5.6717820     	0.0000000
		 2.9098798     	5.2569100     	0.0000000
		 3.8197596     	4.8420380     	0.0000000

2.2400s	 1.4893541     	4.8550089     	0.0000000
		 2.0000000     	5.7148000     	0.0000000
		 2.5106459     	6.5745911     	0.0000000
		 3.0212917     	7.4343823     	0.0000000

2.2500s	 2.8036909     	5.1629281     	0.0000000
		 2.0000000     	5.7579750     	0.0000000
		 1.1963091     	6.3530219     	0.0000000
		 0.3926181     	6.9480689     	0.0000000

2.2600s	 2.6681759     	6.5453103     	0.0000000
		 2.0000000     	5.8013070     	0.0000000
		 1.3318241     	5.0573037     	0.0000000
		 0.6636482     	4.3133003     	0.0000000

2.2700s	 1.3172723     	6.5754689     	0.0000000
		 2.0000000     	5.8447960     	0.0000000
		 2.6827277     	5.1141231     	0.0000000
		 3.3654554     	4.3834502     	0.0000000

2.2800s	 1.2165428     	5.2669963     	0.0000000
		 2.0000000     	5.8884420     	0.0000000
		 2.7834572     	6.5098877     	0.0000000
		 3.5669144     	7.1313334     	0.0000000

2.2900s	 2.5616442     	5.1048661     	0.0000000
		 2.0000000     	5.9322450     	0.0000000
		 1.4383558     	6.7596239     	0.0000000
		 0.8767116     	7.5870027     	0.0000000

2.3000s	 2.8632732     	6.4809420     	0.0000000
		 2.0000000     	5.9762050     	0.0000000
		 1.1367268     	5.4714680     	0.0000000
		 0.2734536     	4.9667311     	0.0000000

2.3100s	 1.5482705     	6.9124770     	0.0000000
		 2.0000000     	6.0203220     	0.0000000
		 2.4517295     	5.1281670     	0.0000000
		 2.9034590     	4.2360121     	0.0000000

2.3200s	 1.0848906     	5.6613904     	0.0000000
		 2.0000000     	6.0645960     	0.0000000
		 2.9151094     	6.4678016     	0.0000000
		 3.8302188     	6.8710073     	0.0000000

2.3300s	 2.3597404     	5.1759746     	0.0000000
		 2.0000000     	6.1090270     	0.0000000
		 1.6402596     	7.0420794     	0.0000000
		 1.2805191     	7.9751318     	0.0000000

2.3400s	 2.9467377     	6.4756207     	0.0000000
		 2.0000000     	6.1536150     	0.0000000
		 1.0532623     	5.8316093     	0.0000000
		 0.1065246     	5.5096036     	0.0000000

2.3500s	 1.7096010     	7.1552657     	0.0000000
		 2.0000000     	6.1983600     	0.0000000
		 2.2903990     	5.2414543     	0.0000000
		 2.5807980     	4.2845487     	0.0000000

2.3600s	 1.0357396     	5.9783057     	0.0000000
		 2.0000000     	6.2432620     	0.0000000
		 2.9642604     	6.5082183     	0.0000000
		 3.9285208     	6.7731747     	0.0000000

2.3700s	 2.2457770     	5.3189946     	0.0000000
		 2.0000000     	6.2883210     	0.0000000
		 1.7542230     	7.2576474     	0.0000000
		 1.5084459     	8.2269738     	0.0000000

2.3800s	 2.9724337     	6.5667167     	0.0000000
		 2.0000000     	6.3335370     	0.0000000
		 1.0275663     	6.1003573     	0.0000000
		 0.0551327     	5.8671777     	0.0000000

2.3900s	 1.7726898     	7.3527324     	0.0000000
		 2.0000000     	6.3789100     	0.0000000
		 2.2273102     	5.4050876     	0.0000000
		 2.4546203     	4.4312652     	0.0000000

2.4000s	 1.0263373     	6.1964466     	0.0000000
		 2.0000000     	6.4244400     	0.0000000
		 2.9736627     	6.6524334     	0.0000000
		 3.9473254     	6.8804268     	0.0000000

2.4100s	 2.2351429     	5.4981662     	0.0000000
		 2.0000000     	6.4701270     	0.0000000
		 1.7648571     	7.4420878     	0.0000000
		 1.5297143     	8.4140486     	0.0000000

2.4200s	 2.9685227     	6.7648963     	0.0000000
		 2.0000000     	6.5159710     	0.0000000
		 1.0314773     	6.2670457     	0.0000000
		 0.0629547     	6.0181203     	0.0000000

2.4300s	 1.7306524     	7.5250150     	0.0000000
		 2.0000000     	6.5619720     	0.0000000
		 2.2693476     	5.5989290     	0.0000000
		 2.5386952     	4.6358859     	0.0000000

2.4400s	 1.0448387     	6.3120439     	0.0000000
		 2.0000000     	6.6081300     	0.0000000
		 2.9551613     	6.9042161     	0.0000000
		 3.9103225     	7.2003021     	0.0000000

2.4500s	 2.3288860     	5.7100754     	0.0000000
		 2.0000000     	6.6544450     	0.0000000
		 1.6711140     	7.5988146     	0.0000000
		 1.3422281     	8.5431843     	0.0000000

2.4600s	 2.9299499     	7.0686032     	0.0000000
		 2.0000000     	6.7009170     	0.0000000
		 1.0700501     	6.3332308     	0.0000000
		 0.1401001     	5.9655447     	0.0000000

2.4700s	 1.5878204     	7.6586486     	0.0000000
		 2.0000000     	6.7475460     	0.0000000
		 2.4121796     	5.8364434     	0.0000000
		 2.8243592     	4.9253408     	0.0000000

2.4800s	 1.1129526     	6.3326535     	0.0000000
		 2.0000000     	6.7943320     	0.0000000
		 2.8870474     	7.2560105     	0.0000000
		 3.7740947     	7.7176889     	0.0000000

2.4900s	 2.5155057     	5.9843889     	0.0000000
		 2.0000000     	6.8412750     	0.0000000
		 1.4844943     	7.6981611     	0.0000000
		 0.9689886     	8.5550473     	0.0000000

2.5000s	 2.8195362     	7.4614025     	0.0000000
		 2.0000000     	6.8883750     	0.0000000
		 1.1804638     	6.3153475     	0.0000000
		 0.3609277     	5.7423200     	0.0000000

2.5100s	 1.3667845     	7.7096076     	0.0000000
		 2.0000000     	6.9356320     	0.0000000
		 2.6332155     	6.1616564     	0.0000000
		 3.2664309     	5.3876809     	0.0000000

2.5200s	 1.2806265     	6.2884225     	0.0000000
		 2.0000000     	6.9830460     	0.0000000
		 2.7193735     	7.6776695     	0.0000000
		 3.4387469     	8.3722930     	0.0000000

2.5300s	 2.7557452     	6.3757512     	0.0000000
		 2.0000000     	7.0306170     	0.0000000
		 1.2442548     	7.6854828     	0.0000000
		 0.4885096     	8.3403486     	0.0000000

2.5400s	 2.5795664     	7.8932700     	0.0000000
		 2.0000000     	7.0783450     	0.0000000
		 1.4204336     	6.2634200     	0.0000000
		 0.8408673     	5.4484949     	0.0000000

2.5500s	 1.1299628     	7.6192160     	0.0000000
		 2.0000000     	7.1262300     	0.0000000
		 2.8700372     	6.6332440     	0.0000000
		 3.7400744     	6.1402579     	0.0000000

2.5600s	 1.6049005     	6.2556337     	0.0000000
		 2.0000000     	7.1742720     	0.0000000
		 2.3950995     	8.0929103     	0.0000000
		 2.7901990     	9.0115487     	0.0000000

2.5700s	 2.9582193     	6.9364364     	0.0000000
		 2.0000000     	7.2224710     	0.0000000
		 1.0417807     	7.5085056     	0.0000000
		 0.0835614     	7.7945402     	0.0000000

2.5800s	 2.1662856     	8.2569046     	0.0000000
		 2.0000000     	7.2708270     	0.0000000
		 1.8337144     	6.2847494     	0.0000000
		 1.6674288     	5.2986717     	0.0000000

2.5900s	 1.0006928     	7.3565584     	0.0000000
		 2.0000000     	7.3193400     	0.0000000
		 2.9993072     	7.2821216     	0.0000000
		 3.9986143     	7.2449032     	0.0000000

2.6000s	 2.0990992     	6.3729324     	0.0000000
		 2.0000000     	7.3680100     	0.0000000
		 1.9009008     	8.3630876     	0.0000000
		 1.8018017     	9.3581651     	0.0000000

2.6100s	 2.9707246     	7.6570321     	0.0000000
		 2.0000000     	7.4168370     	0.0000000
		 1.0292754     	7.1766419     	0.0000000
		 0.0585508     	6.9364467     	0.0000000

2.6200s	 1.6172233     	8.3896619     	0.0000000
		 2.0000000     	7.4658210     	0.0000000
		 2.3827767     	6.5419801     	0.0000000
		 2.7655534     	5.6181392     	0.0000000

2.6300s	 1.1473557     	6.9924703     	0.0000000
		 2.0000000     	7.5149620     	0.0000000
		 2.8526443     	8.0374537     	0.0000000
		 3.7052887     	8.5599455     	0.0000000

2.6400s	 2.6544251     	6.8081332     	0.0000000
		 2.0000000     	7.5642600     	0.0000000
		 1.3455749     	8.3203868     	0.0000000
		 0.6911498     	9.0765136     	0.0000000

2.6500s	 2.6340938     	8.3869712     	0.0000000
		 2.0000000     	7.6137150     	0.0000000
		 1.3659062     	6.8404588     	0.0000000
		 0.7318125     	6.0672027     	0.0000000

2.6600s	 1.1269721     	8.1509972     	0.0000000
		 2.0000000     	7.6633270     	0.0000000
		 2.8730279     	7.1756568     	0.0000000
		 3.7460559     	6.6879866     	0.0000000

2.6700s	 1.6803829     	6.7655492     	0.0000000
		 2.0000000     	7.7130960     	0.0000000
		 2.3196171     	8.6606428     	0.0000000
		 2.6392342     	9.6081896     	0.0000000

2.6800s	 2.9909715     	7.6289491     	0.0000000
		 2.0000000     	7.7630220     	0.0000000
		 1.0090285     	7.8970949     	0.0000000
		 0.0180570     	8.0311677     	0.0000000

2.6900s	 1.9367460     	8.8111025     	0.0000000
		 2.0000000     	7.8131050     	0.0000000
		 2.0632540     	6.8151075     	0.0000000
		 2.1265080     	5.8171101     	0.0000000

2.7000s	 1.0356598     	7.5986793     	0.0000000
		 2.0000000     	7.8633450     	0.0000000
		 2.9643402     	8.1280107     	0.0000000
		 3.9286805     	8.3926763     	0.0000000

2.7100s	 2.4609691     	7.0263258     	0.0000000
		 2.0000000     	7.9137420     	0.0000000
		 1.5390309     	8.8011582     	0.0000000
		 1.0780618     	9.6885744     	0.0000000

2.7200s	 2.7666620     	8.6063469     	0.0000000
		 2.0000000     	7.9642960     	0.0000000
		 1.2333380     	7.3222451     	0.0000000
		 0.4666760     	6.6801942     	0.0000000

2.7300s	 1.2030981     	8.6191158     	0.0000000
		 2.0000000     	8.0150070     	0.0000000
		 2.7969019     	7.4108982     	0.0000000
		 3.5938037     	6.8067894     	0.0000000

2.7400s	 1.5950049     	7.1515561     	0.0000000
		 2.0000000     	8.0658750     	0.0000000
		 2.4049951     	8.9801939     	0.0000000
		 2.8099902     	9.8945127     	0.0000000

2.7500s	 2.9841006     	7.9392878     	0.0000000
		 2.0000000     	8.1169000     	0.0000000
		 1.0158994     	8.2945122     	0.0000000
		 0.0317989     	8.4721244     	0.0000000

2.7600s	 1.9332764     	9.1658535     	0.0000000
		 2.0000000     	8.1680820     	0.0000000
		 2.0667236     	7.1703105     	0.0000000
		 2.1334473     	6.1725390     	0.0000000

2.7700s	 1.0504184     	7.9059011     	0.0000000
		 2.0000000     	8.2194210     	0.0000000
		 2.9495816     	8.5329409     	0.0000000
		 3.8991633     	8.8464607     	0.0000000

2.7800s	 2.5460960     	7.4331944     	0.0000000
		 2.0000000     	8.2709170     	0.0000000
		 1.4539040     	9.1086396     	0.0000000
		 0.9078081     	9.9463622     	0.0000000

2.7900s	 2.6649617     	9.0694475     	0.0000000
		 2.0000000     	8.3225700     	0.0000000
		 1.3350383     	7.5756925     	0.0000000
		 0.6700766     	6.8288151     	0.0000000

2.8000s	 1.1016966     	8.8137558     	0.0000000
		 2.0000000     	8.3743800     	0.0000000
		 2.8983034     	7.9350042     	0.0000000
		 3.7966067     	7.4956284     	0.0000000

2.8100s	 1.8252260     	7.4417384     	0.0000000
		 2.0000000     	8.4263470     	0.0000000
		 2.1747740     	9.4109556     	0.0000000
		 2.3495480     	10.3955642    	0.0000000

2.8200s	 2.9939212     	8.5885648     	0.0000000
		 2.0000000     	8.4784710     	0.0000000
		 1.0060788     	8.3683772     	0.0000000
		 0.0121576     	8.2582834     	0.0000000

2.8300s	 1.6076116     	9.4505516     	0.0000000
		 2.0000000     	8.5307520     	0.0000000
		 2.3923884     	7.6109524     	0.0000000
		 2.7847768     	6.6911527     	0.0000000

2.8400s	 1.2370245     	7.9367626     	0.0000000
		 2.0000000     	8.5831900     	0.0000000
		 2.7629755     	9.2296174     	0.0000000
		 3.5259509     	9.8760449     	0.0000000

2.8500s	 2.8464364     	8.1032952     	0.0000000
		 2.0000000     	8.6357850     	0.0000000
		 1.1535636     	9.1682748     	0.0000000
		 0.3071272     	9.7007647     	0.0000000

2.8600s	 2.2457426     	9.6578721     	0.0000000
		 2.0000000     	8.6885370     	0.0000000
		 1.7542574     	7.7192019     	0.0000000
		 1.5085148     	6.7498668     	0.0000000

2.8700s	 1.0025767     	8.6697054     	0.0000000
		 2.0000000     	8.7414460     	0.0000000
		 2.9974233     	8.8131866     	0.0000000
		 3.9948467     	8.8849271     	0.0000000

2.8800s	 2.3880996     	7.8728946     	0.0000000
		 2.0000000     	8.7945120     	0.0000000
		 1.6119004     	9.7161294     	0.0000000
		 1.2238009     	10.6377469    	0.0000000

2.8900s	 2.7437295     	9.5162157     	0.0000000
		 2.0000000     	8.8477350     	0.0000000
		 1.2562705     	8.1792543     	0.0000000
		 0.5125410     	7.5107736     	0.0000000

2.9000s	 1.1215312     	9.3789148     	0.0000000
		 2.0000000     	8.9011150     	0.0000000
		 2.8784688     	8.4233152     	0.0000000
		 3.7569375     	7.9455154     	0.0000000

2.9100s	 1.8496096     	7.9660253     	0.0000000
		 2.0000000     	8.9546520     	0.0000000
		 2.1503904     	9.9432787     	0.0000000
		 2.3007807     	10.9319054    	0.0000000

2.9200s	 2.9794687     	9.2099421     	0.0000000
		 2.0000000     	9.0083460     	0.0000000
		 1.0205313     	8.8067499     	0.0000000
		 0.0410625     	8.6051538     	0.0000000

2.9300s	 1.4655600     	9.9074034     	0.0000000
		 2.0000000     	9.0621970     	0.0000000
		 2.5344400     	8.2169906     	0.0000000
		 3.0688800     	7.3717842     	0.0000000

2.9400s	 1.4033295     	8.3137186     	0.0000000
		 2.0000000     	9.1162050     	0.0000000
		 2.5966705     	9.9186914     	0.0000000
		 3.1933409     	10.7211777    	0.0000000

2.9500s	 2.9650866     	8.9084390     	0.0000000
		 2.0000000     	9.1703700     	0.0000000
		 1.0349134     	9.4323010     	0.0000000
		 0.0698268     	9.6942320     	0.0000000

2.9600s	 1.8840640     	10.2179487    	0.0000000
		 2.0000000     	9.2246920     	0.0000000
		 2.1159360     	8.2314353     	0.0000000
		 2.2318721     	7.2381786     	0.0000000

2.9700s	 1.1244461     	8.7960505     	0.0000000
		 2.0000000     	9.2791710     	0.0000000
		 2.8755539     	9.7622915     	0.0000000
		 3.7511077     	10.2454120    	0.0000000

2.9800s	 2.7826589     	8.7113562     	0.0000000
		 2.0000000     	9.3338070     	0.0000000
		 1.2173411     	9.9562578     	0.0000000
		 0.4346821     	10.5787086    	0.0000000

2.9900s	 2.2670116     	10.3522933    	0.0000000
		 2.0000000     	9.3886000     	0.0000000
		 1.7329884     	8.4249067     	0.0000000
		 1.4659768     	7.4612134     	0.0000000

3.0000s	 1.0095246     	9.3058604     	0.0000000
		 2.0000000     	9.4435500     	0.0000000
		 2.9904754     	9.5812396     	0.0000000
		 3.9809508     	9.7189293     	0.0000000

3.0100s	 2.5254433     	8.6478284     	0.0000000
		 2.0000000     	9.4986570     	0.0000000
		 1.4745567     	10.3494856    	0.0000000
		 0.9491134     	11.2003142    	0.0000000

3.0200s	 2.5610202     	10.3817231    	0.0000000
		 2.0000000     	9.5539210     	0.0000000
		 1.4389798     	8.7261189     	0.0000000
		 0.8779595     	7.8983168     	0.0000000

3.0300s	 1.0138801     	9.7753765     	0.0000000
		 2.0000000     	9.6093420     	0.0000000
		 2.9861199     	9.4433075     	0.0000000
		 3.9722399     	9.2772730     	0.0000000

3.0400s	 2.2654789     	8.7008033     	0.0000000
		 2.0000000     	9.6649200     	0.0000000
		 1.7345211     	10.6290367    	0.0000000
		 1.4690422     	11.5931534    	0.0000000

3.0500s	 2.7577018     	10.3732560    	0.0000000
		 2.0000000     	9.7206550     	0.0000000
		 1.2422982     	9.0680540     	0.0000000
		 0.4845965     	8.4154530     	0.0000000

3.0600s	 1.0831138     	10.1756958    	0.0000000
		 2.0000000     	9.7765470     	0.0000000
		 2.9168862     	9.3773982     	0.0000000
		 3.8337723     	8.9782494     	0.0000000

3.0700s	 2.0453029     	8.8336227     	0.0000000
		 2.0000000     	9.8325960     	0.0000000
		 1.9546971     	10.8315693    	0.0000000
		 1.9093942     	11.8305426    	0.0000000

3.0800s	 2.8737168     	10.3752370    	0.0000000
		 2.0000000     	9.8888020     	0.0000000
		 1.1262832     	9.4023670     	0.0000000
		 0.2525665     	8.9159320     	0.0000000

3.0900s	 1.1708516     	10.5041936    	0.0000000
		 2.0000000     	9.9451650     	0.0000000
		 2.8291484     	9.3861364     	0.0000000
		 3.6582967     	8.8271078     	0.0000000

3.1000s	 1.8833555     	9.0085113     	0.0000000
		 2.0000000     	10.0016850    	0.0000000
		 2.1166445     	10.9948587    	0.0000000
		 2.2332891     	11.9880325    	0.0000000

3.1100s	 2.9337107     	10.4163903    	0.0000000
		 2.0000000     	10.0583620    	0.0000000
		 1.0662893     	9.7003337     	0.0000000
		 0.1325785     	9.3423055     	0.0000000

3.1200s	 1.2446985     	10.7705734    	0.0000000
		 2.0000000     	10.1151960    	0.0000000
		 2.7553015     	9.4598186     	0.0000000
		 3.5106031     	8.8044411     	0.0000000

3.1300s	 1.7837358     	9.1958521     	0.0000000
		 2.0000000     	10.1721870    	0.0000000
		 2.2162642     	11.1485219    	0.0000000
		 2.4325283     	12.1248568    	0.0000000

3.1400s	 2.9595315     	10.5109363    	0.0000000
		 2.0000000     	10.2293350    	0.0000000
		 1.0404685     	9.9477337     	0.0000000
		 0.0809370     	9.6661324     	0.0000000

3.1500s	 1.2855742     	10.9863512    	0.0000000
		 2.0000000     	10.2866400    	0.0000000
		 2.7144258     	9.5869288     	0.0000000
		 3.4288515     	8.8872175     	0.0000000

3.1600s	 1.7449412     	9.3771764     	0.0000000
		 2.0000000     	10.3441020    	0.0000000
		 2.2550588     	11.3110276    	0.0000000
		 2.5101175     	12.2779531    	0.0000000

3.1700s	 2.9648496     	10.6645236    	0.0000000
		 2.0000000     	10.4017210    	0.0000000
		 1.0351504     	10.1389184    	0.0000000
		 0.0703007     	9.8761158     	0.0000000

3.1800s	 1.2849821     	11.1586032    	0.0000000
		 2.0000000     	10.4594970    	0.0000000
		 2.7150179     	9.7603908     	0.0000000
		 3.4300357     	9.0612846     	0.0000000

3.1900s	 1.7655269     	9.5453074     	0.0000000
		 2.0000000     	10.5174300    	0.0000000
		 2.2344731     	11.4895526    	0.0000000
		 2.4689461     	12.4616752    	0.0000000

3.2000s	 2.9530797     	10.8782395    	0.0000000
		 2.0000000     	10.5755200    	0.0000000
		 1.0469203     	10.2728005    	0.0000000
		 0.0938406     	9.9700810     	0.0000000

3.2100s	 1.2430366     	11.2872243    	0.0000000
		 2.0000000     	10.6337670    	0.0000000
		 2.7569634     	9.9803097     	0.0000000
		 3.5139268     	9.3268525     	0.0000000

3.2200s	 1.8463211     	9.7040502     	0.0000000
		 2.0000000     	10.6921710    	0.0000000
		 2.1536789     	11.6802918    	0.0000000
		 2.3073578     	12.6684127    	0.0000000

3.2300s	 2.9169933     	11.1496345    	0.0000000
		 2.0000000     	10.7507320    	0.0000000
		 1.0830067     	10.3518295    	0.0000000
		 0.1660133     	9.9529270     	0.0000000

3.2400s	 1.1684933     	11.3649647    	0.0000000
		 2.0000000     	10.8094500    	0.0000000
		 2.8315067     	10.2539353    	0.0000000
		 3.6630134     	9.6984206     	0.0000000

3.2500s	 1.9892501     	9.8683828     	0.0000000
		 2.0000000     	10.8683250    	0.0000000
		 2.0107499     	11.8682672    	0.0000000
		 2.0214997     	12.8682094    	0.0000000

3.2600s	 2.8395994     	11.4705630    	0.0000000
		 2.0000000     	10.9273570    	0.0000000
		 1.1604006     	10.3841510    	0.0000000
		 0.3208011     	9.8409450     	0.0000000

3.2700s	 1.0807654     	11.3802563    	0.0000000
		 2.0000000     	10.9865460    	0.0000000
		 2.9192346     	10.5928357    	0.0000000
		 3.8384692     	10.1991255    	0.0000000

3.2800s	 2.1927307     	10.0646403    	0.0000000
		 2.0000000     	11.0458920    	0.0000000
		 1.8072693     	12.0271437    	0.0000000
		 1.6145386     	13.0083954    	0.0000000

3.2900s	 2.6971807     	11.8222905    	0.0000000
		 2.0000000     	11.1053950    	0.0000000
		 1.3028193     	10.3884995    	0.0000000
		 0.6056387     	9.6716040     	0.0000000

3.3000s	 1.0126442     	11.3235748    	0.0000000
		 2.0000000     	11.1650550    	0.0000000
		 2.9873558     	11.0065352    	0.0000000
		 3.9747116     	10.8480155    	0.0000000

3.3100s	 2.4437625     	10.3287276    	0.0000000
		 2.0000000     	11.2248720    	0.0000000
		 1.5562375     	12.1210164    	0.0000000
		 1.1124750     	13.0171608    	0.0000000

3.3200s	 2.4663954     	12.1694224    	0.0000000
		 2.0000000     	11.2848460    	0.0000000
		 1.5336046     	10.4002696    	0.0000000
		 1.0672092     	9.5156933     	0.0000000

3.3300s	 1.0108491     	11.1980742    	0.0000000
		 2.0000000     	11.3449770    	0.0000000
		 2.9891509     	11.4918798    	0.0000000
		 3.9783019     	11.6387825    	0.0000000

3.3400s	 2.7080947     	10.6991476    	0.0000000
		 2.0000000     	11.4052650    	0.0000000
		 1.2919053     	12.1113824    	0.0000000
		 0.5838105     	12.8174999    	0.0000000

3.3500s	 2.1373718     	12.4562296    	0.0000000
		 2.0000000     	11.4657100    	0.0000000
		 1.8626282     	10.4751904    	0.0000000
		 1.7252564     	9.4846709     	0.0000000

3.3600s	 1.1298142     	11.0335883    	0.0000000
		 2.0000000     	11.5263120    	0.0000000
		 2.8701858     	12.0190357    	0.0000000
		 3.7403717     	12.5117594    	0.0000000

3.3700s	 2.9226728     	11.2014872    	0.0000000
		 2.0000000     	11.5870710    	0.0000000
		 1.0773272     	11.9726548    	0.0000000
		 0.1546543     	12.3582386    	0.0000000

3.3800s	 1.7325418     	12.6115565    	0.0000000
		 2.0000000     	11.6479870    	0.0000000
		 2.2674582     	10.6844175    	0.0000000
		 2.5349164     	9.7208481     	0.0000000

3.3900s	 1.4135679     	10.8990616    	0.0000000
		 2.0000000     	11.7090600    	0.0000000
		 2.5864321     	12.5190584    	0.0000000
		 3.1728642     	13.3290568    	0.0000000

3.4000s	 2.9985704     	11.8237417    	0.0000000
		 2.0000000     	11.7702900    	0.0000000
		 1.0014296     	11.7168383    	0.0000000
		 0.0028591     	11.6633867    	0.0000000

3.4100s	 1.3253632     	12.5698269    	0.0000000
		 2.0000000     	11.8316770    	0.0000000
		 2.6746368     	11.0935271    	0.0000000
		 3.3492735     	10.3553772    	0.0000000

3.4200s	 1.8638607     	10.9025313    	0.0000000
		 2.0000000     	11.8932210    	0.0000000
		 2.1361393     	12.8839107    	0.0000000
		 2.2722786     	13.8746004    	0.0000000

3.4300s	 2.8451476     	12.4894550    	0.0000000
		 2.0000000     	11.9549220    	0.0000000
		 1.1548524     	11.4203890    	0.0000000
		 0.3097048     	10.8858560    	0.0000000

3.4400s	 1.0445016     	12.3117762    	0.0000000
		 2.0000000     	12.0167800    	0.0000000
		 2.9554984     	11.7217838    	0.0000000
		 3.9109968     	11.4267875    	0.0000000

3.4500s	 2.4028900     	11.1635466    	0.0000000
		 2.0000000     	12.0787950    	0.0000000
		 1.5971100     	12.9940434    	0.0000000
		 1.1942199     	13.9092918    	0.0000000

3.4600s	 2.4215931     	13.0477521    	0.0000000
		 2.0000000     	12.1409670    	0.0000000
		 1.5784069     	11.2341819    	0.0000000
		 1.1568138     	10.3273967    	0.0000000

3.4700s	 1.0424945     	11.9148811    	0.0000000
		 2.0000000     	12.2032960    	0.0000000
		 2.9575055     	12.4917109    	0.0000000
		 3.9150111     	12.7801258    	0.0000000

3.4800s	 2.8557835     	11.7484478    	0.0000000
		 2.0000000     	12.2657820    	0.0000000
		 1.1442165     	12.7831162    	0.0000000
		 0.2884331     	13.3004504    	0.0000000

3.4900s	 1.8036838     	13.3089656    	0.0000000
		 2.0000000     	12.3284250    	0.0000000
		 2.1963162     	11.3478844    	0.0000000
		 2.3926324     	10.3673437    	0.0000000

3.5000s	 1.4148578     	11.5802943    	0.0000000
		 2.0000000     	12.3912250    	0.0000000
		 2.5851422     	13.2021557    	0.0000000
		 3.1702845     	14.0130863    	0.0000000

3.5100s	 2.9915854     	12.5836362    	0.0000000
		 2.0000000     	12.4541820    	0.0000000
		 1.0084146     	12.3247278    	0.0000000
		 0.0168292     	12.1952737    	0.0000000

3.5200s	 1.2219486     	13.1454966    	0.0000000
		 2.0000000     	12.5172960    	0.0000000
		 2.7780514     	11.8890954    	0.0000000
		 3.5561028     	11.2608948    	0.0000000

3.5300s	 2.0891432     	11.5845482    	0.0000000
		 2.0000000     	12.5805670    	0.0000000
		 1.9108568     	13.5765858    	0.0000000
		 1.8217137     	14.5726046    	0.0000000

3.5400s	 2.6489940     	13.4047885    	0.0000000
		 2.0000000     	12.6439950    	0.0000000
		 1.3510060     	11.8832015    	0.0000000
		 0.7020119     	11.1224080    	0.0000000

3.5500s	 1.0028768     	12.6317822    	0.0000000
		 2.0000000     	12.7075800    	0.0000000
		 2.9971232     	12.7833778    	0.0000000
		 3.9942464     	12.8591756    	0.0000000

3.5600s	 2.7609206     	12.1224770    	0.0000000
		 2.0000000     	12.7713220    	0.0000000
		 1.2390794     	13.4201670    	0.0000000
		 0.4781589     	14.0690121    	0.0000000

3.5700s	 1.9104994     	13.8312078    	0.0000000
		 2.0000000     	12.8352210    	0.0000000
		 2.0895006     	11.8392342    	0.0000000
		 2.1790011     	10.8432475    	0.0000000

3.5800s	 1.3722396     	12.1208704    	0.0000000
		 2.0000000     	12.8992770    	0.0000000
		 2.6277604     	13.6776836    	0.0000000
		 3.2555209     	14.4560902    	0.0000000

3.5900s	 2.9914886     	13.0936836    	0.0000000
		 2.0000000     	12.9634900    	0.0000000
		 1.0085114     	12.8332964    	0.0000000
		 0.0170228     	12.7031029    	0.0000000

3.6000s	 1.1885309     	13.6122553    	0.0000000
		 2.0000000     	13.0278600    	0.0000000
		 2.8114691     	12.4434647    	0.0000000
		 3.6229383     	11.8590694    	0.0000000

3.6100s	 2.1974185     	12.1120677    	0.0000000
		 2.0000000     	13.0923870    	0.0000000
		 1.8025815     	14.0727063    	0.0000000
		 1.6051630     	15.0530256    	0.0000000

3.6200s	 2.5162220     	14.0135258    	0.0000000
		 2.0000000     	13.1570710    	0.0000000
		 1.4837780     	12.3006162    	0.0000000
		 0.9675559     	11.4441614    	0.0000000

3.6300s	 1.0429234     	12.9320768    	0.0000000
		 2.0000000     	13.2219120    	0.0000000
		 2.9570766     	13.5117472    	0.0000000
		 3.9141531     	13.8015824    	0.0000000

3.6400s	 2.9074912     	12.8668390    	0.0000000
		 2.0000000     	13.2869100    	0.0000000
		 1.0925088     	13.7069810    	0.0000000
		 0.1850175     	14.1270521    	0.0000000

3.6500s	 1.5954087     	14.2665626    	0.0000000
		 2.0000000     	13.3520650    	0.0000000
		 2.4045913     	12.4375674    	0.0000000
		 2.8091826     	11.5230698    	0.0000000

3.6600s	 1.7069526     	12.4612791    	0.0000000
		 2.0000000     	13.4173770    	0.0000000
		 2.2930474     	14.3734749    	0.0000000
		 2.5860948     	15.3295728    	0.0000000

3.6700s	 2.8439503     	14.0192673    	0.0000000
		 2.0000000     	13.4828460    	0.0000000
		 1.1560497     	12.9464247    	0.0000000
		 0.3120993     	12.4100034    	0.0000000

3.6800s	 1.0089837     	13.6822135    	0.0000000
		 2.0000000     	13.5484720    	0.0000000
		 2.9910163     	13.4147305    	0.0000000
		 3.9820325     	13.2809890    	0.0000000

3.6900s	 2.6765449     	12.8778536    	0.0000000
		 2.0000000     	13.6142550    	0.0000000
		 1.3234551     	14.3506564    	0.0000000
		 0.6469102     	15.0870577    	0.0000000

3.7000s	 1.9437482     	14.6786116    	0.0000000
		 2.0000000     	13.6801950    	0.0000000
		 2.0562518     	12.6817784    	0.0000000
		 2.1125037     	11.6833618    	0.0000000

3.7100s	 1.4159748     	12.9345564    	0.0000000
		 2.0000000     	13.7462920    	0.0000000
		 2.5840252     	14.5580276    	0.0000000
		 3.1680503     	15.3697631    	0.0000000

3.7200s	 2.9627238     	14.0830325    	0.0000000
		 2.0000000     	13.8125460    	0.0000000
		 1.0372762     	13.5420595    	0.0000000
		 0.0745525     	13.2715730    	0.0000000

3.7300s	 1.0760313     	14.2614251    	0.0000000
		 2.0000000     	13.8789570    	0.0000000
		 2.9239687     	13.4964889    	0.0000000
		 3.8479374     	13.1140209    	0.0000000

3.7400s	 2.4957699     	13.0770711    	0.0000000
		 2.0000000     	13.9455250    	0.0000000
		 1.5042301     	14.8139789    	0.0000000
		 1.0084601     	15.6824328    	0.0000000

3.7500s	 2.1336881     	15.0032735    	0.0000000
		 2.0000000     	14.0122500    	0.0000000
		 1.8663119     	13.0212265    	0.0000000
		 1.7326237     	12.0302031    	0.0000000

3.7600s	 1.2966695     	13.3682690    	0.0000000
		 2.0000000     	14.0791320    	0.0000000
		 2.7033305     	14.7899950    	0.0000000
		 3.4066610     	15.5008580    	0.0000000

3.7700s	 2.9885486     	14.2970737    	0.0000000
		 2.0000000     	14.1461710    	0.0000000
		 1.0114514     	13.9952683    	0.0000000
		 0.0229028     	13.8443656    	0.0000000

3.7800s	 1.1134262     	14.6759542    	0.0000000
		 2.0000000     	14.2133670    	0.0000000
		 2.8865738     	13.7507798    	0.0000000
		 3.7731475     	13.2881925    	0.0000000

3.7900s	 2.4477558     	13.3865641    	0.0000000
		 2.0000000     	14.2807200    	0.0000000
		 1.5522442     	15.1748759    	0.0000000
		 1.1044884     	16.0690317    	0.0000000

3.8000s	 2.1539678     	15.3363059    	0.0000000
		 2.0000000     	14.3482300    	0.0000000
		 1.8460322     	13.3601541    	0.0000000
		 1.6920643     	12.3720783    	0.0000000

3.8100s	 1.3063162     	13.6956173    	0.0000000
		 2.0000000     	14.4158970    	0.0000000
		 2.6936838     	15.1361767    	0.0000000
		 3.3873676     	15.8564563    	0.0000000

3.8200s	 2.9802768     	14.6813502    	0.0000000
		 2.0000000     	14.4837210    	0.0000000
		 1.0197232     	14.2860918    	0.0000000
		 0.0394463     	14.0884625    	0.0000000

3.8300s	 1.0787363     	14.9406405    	0.0000000
		 2.0000000     	14.5517020    	0.0000000
		 2.9212637     	14.1627635    	0.0000000
		 3.8425275     	13.7738251    	0.0000000

3.8400s	 2.5477388     	13.7831906    	0.0000000
		 2.0000000     	14.6198400    	0.0000000
		 1.4522612     	15.4564894    	0.0000000
		 0.9045223     	16.2931387    	0.0000000

3.8500s	 2.0051986     	15.6881215    	0.0000000
		 2.0000000     	14.6881350    	0.0000000
		 1.9948014     	13.6881485    	0.0000000
		 1.9896028     	12.6881620    	0.0000000

3.8600s	 1.4492722     	13.9219021    	0.0000000
		 2.0000000     	14.7565870    	0.0000000
		 2.5507278     	15.5912719    	0.0000000
		 3.1014555     	16.4259568    	0.0000000

3.8700s	 2.9146031     	15.2295487    	0.0000000
		 2.0000000     	14.8251960    	0.0000000
		 1.0853969     	14.4208433    	0.0000000
		 0.1707938     	14.0164905    	0.0000000

3.8800s	 1.0109571     	15.0415907    	0.0000000
		 2.0000000     	14.8939620    	0.0000000
		 2.9890429     	14.7463333    	0.0000000
		 3.9780857     	14.5987046    	0.0000000

3.8900s	 2.7610546     	14.3141972    	0.0000000
		 2.0000000     	14.9628850    	0.0000000
		 1.2389454     	15.6115728    	0.0000000
		 0.4778908     	16.2602606    	0.0000000

3.9000s	 1.6910748     	15.9830513    	0.0000000
		 2.0000000     	15.0319650    	0.0000000
		 2.3089252     	14.0808787    	0.0000000
		 2.6178504     	13.1297923    	0.0000000

3.9100s	 1.7720150     	14.1275374    	0.0000000
		 2.0000000     	15.1012020    	0.0000000
		 2.2279850     	16.0748666    	0.0000000
		 2.4559701     	17.0485313    	0.0000000

3.9200s	 2.6942066     	15.8903718    	0.0000000
		 2.0000000     	15.1705960    	0.0000000
		 1.3057934     	14.4508202    	0.0000000
		 0.6115868     	13.7310445    	0.0000000

3.9300s	 1.0370372     	14.9705127    	0.0000000
		 2.0000000     	15.2401470    	0.0000000
		 2.9629628     	15.5097813    	0.0000000
		 3.9259256     	15.7794156    	0.0000000

3.9400s	 2.9687373     	15.0617662    	0.0000000
		 2.0000000     	15.3098550    	0.0000000
		 1.0312627     	15.5579438    	0.0000000
		 0.0625254     	15.8060325    	0.0000000

3.9500s	 1.2804175     	16.0741269    	0.0000000
		 2.0000000     	15.3797200    	0.0000000
		 2.7195825     	14.6853131    	0.0000000
		 3.4391651     	13.9909062    	0.0000000

3.9600s	 2.2889142     	14.4923870    	0.0000000
		 2.0000000     	15.4497420    	0.0000000
		 1.7110858     	16.4070970    	0.0000000
		 1.4221715     	17.3644520    	0.0000000

3.9700s	 2.2086856     	16.4979038    	0.0000000
		 2.0000000     	15.5199210    	0.0000000
		 1.7913144     	14.5419382    	0.0000000
		 1.5826287     	13.5639554    	0.0000000

3.9800s	 1.3506513     	14.8297662    	0.0000000
		 2.0000000     	15.5902570    	0.0000000
		 2.6493487     	16.3507478    	0.0000000
		 3.2986975     	17.1112386    	0.0000000

3.9900s	 2.9307557     	16.0263915    	0.0000000
		 2.0000000     	15.6607500    	0.0000000
		 1.0692443     	15.2951085    	0.0000000
		 0.1384885     	14.9294669    	0.0000000

4.0000s	 1.0058893     	15.8397694    	0.0000000
		 2.0000000     	15.7314000    	0.0000000
		 2.9941107     	15.6230306    	0.0000000
		 3.9882214     	15.5146612    	0.0000000

