time              Acceleration                 	Velocity                 Angel_Acceleration            	Angel_Velocity
0.0100s     (0.00000,1.57000,0.00000)    (0.00000,0.01570,0.00000)    (0.00000,0.00000,3.14000)    (0.00000,0.00000,0.03140)
0.0200s     (0.00000,1.57000,0.00000)    (0.00000,0.03140,0.00000)    (0.00000,0.00000,3.14000)    (0.00000,0.00000,0.06280)
0.0300s     (0.00000,1.57000,0.00000)    (0.00000,0.04710,0.00000)    (0.00000,0.00000,3.14000)    (0.00000,0.00000,0.09420)
0.0400s     (0.00000,1.57000,0.00000)    (0.00000,0.06280,0.00000)    (0.00000,0.00000,3.14000)    (0.00000,0.00000,0.12560)
0.0500s     (0.00000,1.57000,0.00000)    (0.00000,0.07850,0.00000)    (0.00000,0.00000,3.13999)    (0.00000,0.00000,0.15700)
0.0600s     (0.00000,1.57000,0.00000)    (0.00000,0.09420,0.00000)    (0.00000,0.00000,3.13996)    (0.00000,0.00000,0.18840)
0.0700s     (0.00000,1.57000,0.00000)    (0.00000,0.10990,0.00000)    (0.00000,0.00000,3.13987)    (0.00000,0.00000,0.21980)
0.0800s     (0.00000,1.57000,0.00000)    (0.00000,0.12560,0.00000)    (0.00000,0.00000,3.13965)    (0.00000,0.00000,0.25119)
0.0900s     (0.00000,1.57000,0.00000)    (0.00000,0.14130,0.00000)    (0.00000,0.00000,3.13919)    (0.00000,0.00000,0.28259)
0.1000s     (0.00000,1.57000,0.00000)    (0.00000,0.15700,0.00000)    (0.00000,0.00000,3.13829)    (0.00000,0.00000,0.31397)
0.1100s     (0.00000,1.57000,0.00000)    (0.00000,0.17270,0.00000)    (0.00000,0.00000,3.13669)    (0.00000,0.00000,0.34534)
0.1200s     (0.00000,1.57000,0.00000)    (0.00000,0.18840,0.00000)    (0.00000,0.00000,3.13399)    (0.00000,0.00000,0.37668)
0.1300s     (0.00000,1.57000,0.00000)    (0.00000,0.20410,0.00000)    (0.00000,0.00000,3.12966)    (0.00000,0.00000,0.40797)
0.1400s     (0.00000,1.57000,0.00000)    (0.00000,0.21980,0.00000)    (0.00000,0.00000,3.12301)    (0.00000,0.00000,0.43920)
0.1500s     (0.00000,1.57000,0.00000)    (0.00000,0.23550,0.00000)    (0.00000,0.00000,3.11311)    (0.00000,0.00000,0.47033)
0.1600s     (0.00000,1.57000,0.00000)    (0.00000,0.25120,0.00000)    (0.00000,0.00000,3.09884)    (0.00000,0.00000,0.50132)
0.1700s     (0.00000,1.57000,0.00000)    (0.00000,0.26690,0.00000)    (0.00000,0.00000,3.07878)    (0.00000,0.00000,0.53211)
0.1800s     (0.00000,1.57000,0.00000)    (0.00000,0.28260,0.00000)    (0.00000,0.00000,3.05120)    (0.00000,0.00000,0.56262)
0.1900s     (0.00000,1.57000,0.00000)    (0.00000,0.29830,0.00000)    (0.00000,0.00000,3.01407)    (0.00000,0.00000,0.59276)
0.2000s     (0.00000,1.57000,0.00000)    (0.00000,0.31400,0.00000)    (0.00000,0.00000,2.96499)    (0.00000,0.00000,0.62241)
0.2100s     (0.00000,1.57000,0.00000)    (0.00000,0.32970,0.00000)    (0.00000,0.00000,2.90119)    (0.00000,0.00000,0.65142)
0.2200s     (0.00000,1.57000,0.00000)    (0.00000,0.34540,0.00000)    (0.00000,0.00000,2.81956)    (0.00000,0.00000,0.67962)
0.2300s     (0.00000,1.57000,0.00000)    (0.00000,0.36110,0.00000)    (0.00000,0.00000,2.71666)    (0.00000,0.00000,0.70679)
0.2400s     (0.00000,1.57000,0.00000)    (0.00000,0.37680,0.00000)    (0.00000,0.00000,2.58881)    (0.00000,0.00000,0.73268)
0.2500s     (0.00000,1.57000,0.00000)    (0.00000,0.39250,0.00000)    (0.00000,0.00000,2.43216)    (0.00000,0.00000,0.75700)
0.2600s     (0.00000,1.57000,0.00000)    (0.00000,0.40820,0.00000)    (0.00000,0.00000,2.24288)    (0.00000,0.00000,0.77943)
0.2700s     (0.00000,1.57000,0.00000)    (0.00000,0.42390,0.00000)    (0.00000,0.00000,2.01735)    (0.00000,0.00000,0.79960)
0.2800s     (0.00000,1.57000,0.00000)    (0.00000,0.43960,0.00000)    (0.00000,0.00000,1.75249)    (0.00000,0.00000,0.81712)
0.2900s     (0.00000,1.57000,0.00000)    (0.00000,0.45530,0.00000)    (0.00000,0.00000,1.44610)    (0.00000,0.00000,0.83158)
0.3000s     (0.00000,1.57000,0.00000)    (0.00000,0.47100,0.00000)    (0.00000,0.00000,1.09731)    (0.00000,0.00000,0.84256)
0.3100s     (0.00000,1.57000,0.00000)    (0.00000,0.48670,0.00000)    (0.00000,0.00000,0.70707)    (0.00000,0.00000,0.84963)
0.3200s     (0.00000,1.57000,0.00000)    (0.00000,0.50240,0.00000)    (0.00000,0.00000,0.27874)    (0.00000,0.00000,0.85242)
0.3300s     (0.00000,1.57000,0.00000)    (0.00000,0.51810,0.00000)    (0.00000,0.00000,-0.18147)    (0.00000,0.00000,0.85060)
0.3400s     (0.00000,1.57000,0.00000)    (0.00000,0.53380,0.00000)    (0.00000,0.00000,-0.66392)    (0.00000,0.00000,0.84396)
0.3500s     (0.00000,1.57000,0.00000)    (0.00000,0.54950,0.00000)    (0.00000,0.00000,-1.15531)    (0.00000,0.00000,0.83241)
0.3600s     (0.00000,1.57000,0.00000)    (0.00000,0.56520,0.00000)    (0.00000,0.00000,-1.63853)    (0.00000,0.00000,0.81602)
0.3700s     (0.00000,1.57000,0.00000)    (0.00000,0.58090,0.00000)    (0.00000,0.00000,-2.09296)    (0.00000,0.00000,0.79509)
0.3800s     (0.00000,1.57000,0.00000)    (0.00000,0.59660,0.00000)    (0.00000,0.00000,-2.49509)    (0.00000,0.00000,0.77014)
0.3900s     (0.00000,1.57000,0.00000)    (0.00000,0.61230,0.00000)    (0.00000,0.00000,-2.81974)    (0.00000,0.00000,0.74195)
0.4000s     (0.00000,1.57000,0.00000)    (0.00000,0.62800,0.00000)    (0.00000,0.00000,-3.04166)    (0.00000,0.00000,0.71153)
0.4100s     (0.00000,1.57000,0.00000)    (0.00000,0.64370,0.00000)    (0.00000,0.00000,-3.13764)    (0.00000,0.00000,0.68015)
0.4200s     (0.00000,1.57000,0.00000)    (0.00000,0.65940,0.00000)    (0.00000,0.00000,-3.08889)    (0.00000,0.00000,0.64926)
0.4300s     (0.00000,1.57000,0.00000)    (0.00000,0.67510,0.00000)    (0.00000,0.00000,-2.88345)    (0.00000,0.00000,0.62043)
0.4400s     (0.00000,1.57000,0.00000)    (0.00000,0.69080,0.00000)    (0.00000,0.00000,-2.51854)    (0.00000,0.00000,0.59524)
0.4500s     (0.00000,1.57000,0.00000)    (0.00000,0.70650,0.00000)    (0.00000,0.00000,-2.00228)    (0.00000,0.00000,0.57522)
0.4600s     (0.00000,1.57000,0.00000)    (0.00000,0.72220,0.00000)    (0.00000,0.00000,-1.35476)    (0.00000,0.00000,0.56167)
0.4700s     (0.00000,1.57000,0.00000)    (0.00000,0.73790,0.00000)    (0.00000,0.00000,-0.60813)    (0.00000,0.00000,0.55559)
0.4800s     (0.00000,1.57000,0.00000)    (0.00000,0.75360,0.00000)    (0.00000,0.00000,0.19445)    (0.00000,0.00000,0.55754)
0.4900s     (0.00000,1.57000,0.00000)    (0.00000,0.76930,0.00000)    (0.00000,0.00000,1.00091)    (0.00000,0.00000,0.56755)
0.5000s     (0.00000,1.57000,0.00000)    (0.00000,0.78500,0.00000)    (0.00000,0.00000,1.75334)    (0.00000,0.00000,0.58508)
0.5100s     (0.00000,1.57000,0.00000)    (0.00000,0.80070,0.00000)    (0.00000,0.00000,2.39207)    (0.00000,0.00000,0.60900)
0.5200s     (0.00000,1.57000,0.00000)    (0.00000,0.81640,0.00000)    (0.00000,0.00000,2.86031)    (0.00000,0.00000,0.63760)
0.5300s     (0.00000,1.57000,0.00000)    (0.00000,0.83210,0.00000)    (0.00000,0.00000,3.10935)    (0.00000,0.00000,0.66870)
0.5400s     (0.00000,1.57000,0.00000)    (0.00000,0.84780,0.00000)    (0.00000,0.00000,3.10388)    (0.00000,0.00000,0.69974)
0.5500s     (0.00000,1.57000,0.00000)    (0.00000,0.86350,0.00000)    (0.00000,0.00000,2.82731)    (0.00000,0.00000,0.72801)
0.5600s     (0.00000,1.57000,0.00000)    (0.00000,0.87920,0.00000)    (0.00000,0.00000,2.28640)    (0.00000,0.00000,0.75087)
0.5700s     (0.00000,1.57000,0.00000)    (0.00000,0.89490,0.00000)    (0.00000,0.00000,1.51463)    (0.00000,0.00000,0.76602)
0.5800s     (0.00000,1.57000,0.00000)    (0.00000,0.91060,0.00000)    (0.00000,0.00000,0.57350)    (0.00000,0.00000,0.77175)
0.5900s     (0.00000,1.57000,0.00000)    (0.00000,0.92630,0.00000)    (0.00000,0.00000,-0.44937)    (0.00000,0.00000,0.76726)
0.6000s     (0.00000,1.57000,0.00000)    (0.00000,0.94200,0.00000)    (0.00000,0.00000,-1.44602)    (0.00000,0.00000,0.75280)
0.6100s     (0.00000,1.57000,0.00000)    (0.00000,0.95770,0.00000)    (0.00000,0.00000,-2.29845)    (0.00000,0.00000,0.72982)
0.6200s     (0.00000,1.57000,0.00000)    (0.00000,0.97340,0.00000)    (0.00000,0.00000,-2.89298)    (0.00000,0.00000,0.70089)
0.6300s     (0.00000,1.57000,0.00000)    (0.00000,0.98910,0.00000)    (0.00000,0.00000,-3.13728)    (0.00000,0.00000,0.66951)
0.6400s     (0.00000,1.57000,0.00000)    (0.00000,1.00480,0.00000)    (0.00000,0.00000,-2.97751)    (0.00000,0.00000,0.63974)
0.6500s     (0.00000,1.57000,0.00000)    (0.00000,1.02050,0.00000)    (0.00000,0.00000,-2.41227)    (0.00000,0.00000,0.61562)
0.6600s     (0.00000,1.57000,0.00000)    (0.00000,1.03620,0.00000)    (0.00000,0.00000,-1.49978)    (0.00000,0.00000,0.60062)
0.6700s     (0.00000,1.57000,0.00000)    (0.00000,1.05190,0.00000)    (0.00000,0.00000,-0.35589)    (0.00000,0.00000,0.59706)
0.6800s     (0.00000,1.57000,0.00000)    (0.00000,1.06760,0.00000)    (0.00000,0.00000,0.85828)    (0.00000,0.00000,0.60564)
0.6900s     (0.00000,1.57000,0.00000)    (0.00000,1.08330,0.00000)    (0.00000,0.00000,1.95799)    (0.00000,0.00000,0.62522)
0.7000s     (0.00000,1.57000,0.00000)    (0.00000,1.09900,0.00000)    (0.00000,0.00000,2.76303)    (0.00000,0.00000,0.65285)
0.7100s     (0.00000,1.57000,0.00000)    (0.00000,1.11470,0.00000)    (0.00000,0.00000,3.12828)    (0.00000,0.00000,0.68413)
0.7200s     (0.00000,1.57000,0.00000)    (0.00000,1.13040,0.00000)    (0.00000,0.00000,2.97199)    (0.00000,0.00000,0.71385)
0.7300s     (0.00000,1.57000,0.00000)    (0.00000,1.14610,0.00000)    (0.00000,0.00000,2.29674)    (0.00000,0.00000,0.73682)
0.7400s     (0.00000,1.57000,0.00000)    (0.00000,1.16180,0.00000)    (0.00000,0.00000,1.19866)    (0.00000,0.00000,0.74881)
0.7500s     (0.00000,1.57000,0.00000)    (0.00000,1.17750,0.00000)    (0.00000,0.00000,-0.13924)    (0.00000,0.00000,0.74742)
0.7600s     (0.00000,1.57000,0.00000)    (0.00000,1.19320,0.00000)    (0.00000,0.00000,-1.47175)    (0.00000,0.00000,0.73270)
0.7700s     (0.00000,1.57000,0.00000)    (0.00000,1.20890,0.00000)    (0.00000,0.00000,-2.53348)    (0.00000,0.00000,0.70736)
0.7800s     (0.00000,1.57000,0.00000)    (0.00000,1.22460,0.00000)    (0.00000,0.00000,-3.09277)    (0.00000,0.00000,0.67644)
0.7900s     (0.00000,1.57000,0.00000)    (0.00000,1.24030,0.00000)    (0.00000,0.00000,-3.00722)    (0.00000,0.00000,0.64636)
0.8000s     (0.00000,1.57000,0.00000)    (0.00000,1.25600,0.00000)    (0.00000,0.00000,-2.26674)    (0.00000,0.00000,0.62370)
0.8100s     (0.00000,1.57000,0.00000)    (0.00000,1.27170,0.00000)    (0.00000,0.00000,-1.01015)    (0.00000,0.00000,0.61359)
0.8200s     (0.00000,1.57000,0.00000)    (0.00000,1.28740,0.00000)    (0.00000,0.00000,0.49345)    (0.00000,0.00000,0.61853)
0.8300s     (0.00000,1.57000,0.00000)    (0.00000,1.30310,0.00000)    (0.00000,0.00000,1.89858)    (0.00000,0.00000,0.63751)
0.8400s     (0.00000,1.57000,0.00000)    (0.00000,1.31880,0.00000)    (0.00000,0.00000,2.86221)    (0.00000,0.00000,0.66614)
0.8500s     (0.00000,1.57000,0.00000)    (0.00000,1.33450,0.00000)    (0.00000,0.00000,3.12991)    (0.00000,0.00000,0.69744)
0.8600s     (0.00000,1.57000,0.00000)    (0.00000,1.35020,0.00000)    (0.00000,0.00000,2.60796)    (0.00000,0.00000,0.72352)
0.8700s     (0.00000,1.57000,0.00000)    (0.00000,1.36590,0.00000)    (0.00000,0.00000,1.40173)    (0.00000,0.00000,0.73753)
0.8800s     (0.00000,1.57000,0.00000)    (0.00000,1.38160,0.00000)    (0.00000,0.00000,-0.19372)    (0.00000,0.00000,0.73560)
0.8900s     (0.00000,1.57000,0.00000)    (0.00000,1.39730,0.00000)    (0.00000,0.00000,-1.75619)    (0.00000,0.00000,0.71803)
0.9000s     (0.00000,1.57000,0.00000)    (0.00000,1.41300,0.00000)    (0.00000,0.00000,-2.84346)    (0.00000,0.00000,0.68960)
0.9100s     (0.00000,1.57000,0.00000)    (0.00000,1.42870,0.00000)    (0.00000,0.00000,-3.12159)    (0.00000,0.00000,0.65838)
0.9200s     (0.00000,1.57000,0.00000)    (0.00000,1.44440,0.00000)    (0.00000,0.00000,-2.47718)    (0.00000,0.00000,0.63361)
0.9300s     (0.00000,1.57000,0.00000)    (0.00000,1.46010,0.00000)    (0.00000,0.00000,-1.07342)    (0.00000,0.00000,0.62288)
0.9400s     (0.00000,1.57000,0.00000)    (0.00000,1.47580,0.00000)    (0.00000,0.00000,0.67819)    (0.00000,0.00000,0.62966)
0.9500s     (0.00000,1.57000,0.00000)    (0.00000,1.49150,0.00000)    (0.00000,0.00000,2.23175)    (0.00000,0.00000,0.65198)
0.9600s     (0.00000,1.57000,0.00000)    (0.00000,1.50720,0.00000)    (0.00000,0.00000,3.07672)    (0.00000,0.00000,0.68274)
0.9700s     (0.00000,1.57000,0.00000)    (0.00000,1.52290,0.00000)    (0.00000,0.00000,2.91079)    (0.00000,0.00000,0.71185)
0.9800s     (0.00000,1.57000,0.00000)    (0.00000,1.53860,0.00000)    (0.00000,0.00000,1.75763)    (0.00000,0.00000,0.72943)
0.9900s     (0.00000,1.57000,0.00000)    (0.00000,1.55430,0.00000)    (0.00000,0.00000,-0.01621)    (0.00000,0.00000,0.72927)
1.0000s     (0.00000,1.57000,0.00000)    (0.00000,1.57000,0.00000)    (0.00000,0.00000,-1.80301)    (0.00000,0.00000,0.71124)
1.0100s     (0.00000,1.57000,0.00000)    (0.00000,1.58570,0.00000)    (0.00000,0.00000,-2.95456)    (0.00000,0.00000,0.68169)
1.0200s     (0.00000,1.57000,0.00000)    (0.00000,1.60140,0.00000)    (0.00000,0.00000,-3.02154)    (0.00000,0.00000,0.65147)
1.0300s     (0.00000,1.57000,0.00000)    (0.00000,1.61710,0.00000)    (0.00000,0.00000,-1.94334)    (0.00000,0.00000,0.63204)
1.0400s     (0.00000,1.57000,0.00000)    (0.00000,1.63280,0.00000)    (0.00000,0.00000,-0.10299)    (0.00000,0.00000,0.63101)
1.0500s     (0.00000,1.57000,0.00000)    (0.00000,1.64850,0.00000)    (0.00000,0.00000,1.79399)    (0.00000,0.00000,0.64895)
1.0600s     (0.00000,1.57000,0.00000)    (0.00000,1.66420,0.00000)    (0.00000,0.00000,2.98510)    (0.00000,0.00000,0.67880)
1.0700s     (0.00000,1.57000,0.00000)    (0.00000,1.67990,0.00000)    (0.00000,0.00000,2.96207)    (0.00000,0.00000,0.70842)
1.0800s     (0.00000,1.57000,0.00000)    (0.00000,1.69560,0.00000)    (0.00000,0.00000,1.70029)    (0.00000,0.00000,0.72543)
1.0900s     (0.00000,1.57000,0.00000)    (0.00000,1.71130,0.00000)    (0.00000,0.00000,-0.29809)    (0.00000,0.00000,0.72245)
1.1000s     (0.00000,1.57000,0.00000)    (0.00000,1.72700,0.00000)    (0.00000,0.00000,-2.18485)    (0.00000,0.00000,0.70060)
1.1100s     (0.00000,1.57000,0.00000)    (0.00000,1.74270,0.00000)    (0.00000,0.00000,-3.11759)    (0.00000,0.00000,0.66942)
1.1200s     (0.00000,1.57000,0.00000)    (0.00000,1.75840,0.00000)    (0.00000,0.00000,-2.64480)    (0.00000,0.00000,0.64297)
1.1300s     (0.00000,1.57000,0.00000)    (0.00000,1.77410,0.00000)    (0.00000,0.00000,-0.94559)    (0.00000,0.00000,0.63352)
1.1400s     (0.00000,1.57000,0.00000)    (0.00000,1.78980,0.00000)    (0.00000,0.00000,1.21200)    (0.00000,0.00000,0.64564)
1.1500s     (0.00000,1.57000,0.00000)    (0.00000,1.80550,0.00000)    (0.00000,0.00000,2.80523)    (0.00000,0.00000,0.67369)
1.1600s     (0.00000,1.57000,0.00000)    (0.00000,1.82120,0.00000)    (0.00000,0.00000,3.04317)    (0.00000,0.00000,0.70412)
1.1700s     (0.00000,1.57000,0.00000)    (0.00000,1.83690,0.00000)    (0.00000,0.00000,1.77361)    (0.00000,0.00000,0.72186)
1.1800s     (0.00000,1.57000,0.00000)    (0.00000,1.85260,0.00000)    (0.00000,0.00000,-0.40158)    (0.00000,0.00000,0.71784)
1.1900s     (0.00000,1.57000,0.00000)    (0.00000,1.86830,0.00000)    (0.00000,0.00000,-2.38755)    (0.00000,0.00000,0.69397)
1.2000s     (0.00000,1.57000,0.00000)    (0.00000,1.88400,0.00000)    (0.00000,0.00000,-3.13798)    (0.00000,0.00000,0.66259)
1.2100s     (0.00000,1.57000,0.00000)    (0.00000,1.89970,0.00000)    (0.00000,0.00000,-2.21949)    (0.00000,0.00000,0.64039)
1.2200s     (0.00000,1.57000,0.00000)    (0.00000,1.91540,0.00000)    (0.00000,0.00000,-0.08918)    (0.00000,0.00000,0.63950)
1.2300s     (0.00000,1.57000,0.00000)    (0.00000,1.93110,0.00000)    (0.00000,0.00000,2.10498)    (0.00000,0.00000,0.66055)
1.2400s     (0.00000,1.57000,0.00000)    (0.00000,1.94680,0.00000)    (0.00000,0.00000,3.13305)    (0.00000,0.00000,0.69188)
1.2500s     (0.00000,1.57000,0.00000)    (0.00000,1.96250,0.00000)    (0.00000,0.00000,2.38234)    (0.00000,0.00000,0.71570)
1.2600s     (0.00000,1.57000,0.00000)    (0.00000,1.97820,0.00000)    (0.00000,0.00000,0.24625)    (0.00000,0.00000,0.71817)
1.2700s     (0.00000,1.57000,0.00000)    (0.00000,1.99390,0.00000)    (0.00000,0.00000,-2.05004)    (0.00000,0.00000,0.69767)
1.2800s     (0.00000,1.57000,0.00000)    (0.00000,2.00960,0.00000)    (0.00000,0.00000,-3.13390)    (0.00000,0.00000,0.66633)
1.2900s     (0.00000,1.57000,0.00000)    (0.00000,2.02530,0.00000)    (0.00000,0.00000,-2.31509)    (0.00000,0.00000,0.64318)
1.3000s     (0.00000,1.57000,0.00000)    (0.00000,2.04100,0.00000)    (0.00000,0.00000,-0.05696)    (0.00000,0.00000,0.64261)
1.3100s     (0.00000,1.57000,0.00000)    (0.00000,2.05670,0.00000)    (0.00000,0.00000,2.25096)    (0.00000,0.00000,0.66512)
1.3200s     (0.00000,1.57000,0.00000)    (0.00000,2.07240,0.00000)    (0.00000,0.00000,3.13570)    (0.00000,0.00000,0.69647)
1.3300s     (0.00000,1.57000,0.00000)    (0.00000,2.08810,0.00000)    (0.00000,0.00000,1.99390)    (0.00000,0.00000,0.71641)
1.3400s     (0.00000,1.57000,0.00000)    (0.00000,2.10380,0.00000)    (0.00000,0.00000,-0.46690)    (0.00000,0.00000,0.71174)
1.3500s     (0.00000,1.57000,0.00000)    (0.00000,2.11950,0.00000)    (0.00000,0.00000,-2.63128)    (0.00000,0.00000,0.68543)
1.3600s     (0.00000,1.57000,0.00000)    (0.00000,2.13520,0.00000)    (0.00000,0.00000,-3.02264)    (0.00000,0.00000,0.65520)
1.3700s     (0.00000,1.57000,0.00000)    (0.00000,2.15090,0.00000)    (0.00000,0.00000,-1.33204)    (0.00000,0.00000,0.64188)
1.3800s     (0.00000,1.57000,0.00000)    (0.00000,2.16660,0.00000)    (0.00000,0.00000,1.30047)    (0.00000,0.00000,0.65489)
1.3900s     (0.00000,1.57000,0.00000)    (0.00000,2.18230,0.00000)    (0.00000,0.00000,3.02440)    (0.00000,0.00000,0.68513)
1.4000s     (0.00000,1.57000,0.00000)    (0.00000,2.19800,0.00000)    (0.00000,0.00000,2.58105)    (0.00000,0.00000,0.71094)
1.4100s     (0.00000,1.57000,0.00000)    (0.00000,2.21370,0.00000)    (0.00000,0.00000,0.25120)    (0.00000,0.00000,0.71345)
1.4200s     (0.00000,1.57000,0.00000)    (0.00000,2.22940,0.00000)    (0.00000,0.00000,-2.27800)    (0.00000,0.00000,0.69067)
1.4300s     (0.00000,1.57000,0.00000)    (0.00000,2.24510,0.00000)    (0.00000,0.00000,-3.10934)    (0.00000,0.00000,0.65958)
1.4400s     (0.00000,1.57000,0.00000)    (0.00000,2.26080,0.00000)    (0.00000,0.00000,-1.57379)    (0.00000,0.00000,0.64384)
1.4500s     (0.00000,1.57000,0.00000)    (0.00000,2.27650,0.00000)    (0.00000,0.00000,1.18703)    (0.00000,0.00000,0.65571)
1.4600s     (0.00000,1.57000,0.00000)    (0.00000,2.29220,0.00000)    (0.00000,0.00000,3.03125)    (0.00000,0.00000,0.68603)
1.4700s     (0.00000,1.57000,0.00000)    (0.00000,2.30790,0.00000)    (0.00000,0.00000,2.47726)    (0.00000,0.00000,0.71080)
1.4800s     (0.00000,1.57000,0.00000)    (0.00000,2.32360,0.00000)    (0.00000,0.00000,-0.07325)    (0.00000,0.00000,0.71007)
1.4900s     (0.00000,1.57000,0.00000)    (0.00000,2.33930,0.00000)    (0.00000,0.00000,-2.57719)    (0.00000,0.00000,0.68429)
1.5000s     (0.00000,1.57000,0.00000)    (0.00000,2.35500,0.00000)    (0.00000,0.00000,-2.96185)    (0.00000,0.00000,0.65468)
1.5100s     (0.00000,1.57000,0.00000)    (0.00000,2.37070,0.00000)    (0.00000,0.00000,-0.86432)    (0.00000,0.00000,0.64603)
1.5200s     (0.00000,1.57000,0.00000)    (0.00000,2.38640,0.00000)    (0.00000,0.00000,1.97752)    (0.00000,0.00000,0.66581)
1.5300s     (0.00000,1.57000,0.00000)    (0.00000,2.40210,0.00000)    (0.00000,0.00000,3.13067)    (0.00000,0.00000,0.69711)
1.5400s     (0.00000,1.57000,0.00000)    (0.00000,2.41780,0.00000)    (0.00000,0.00000,1.56149)    (0.00000,0.00000,0.71273)
1.5500s     (0.00000,1.57000,0.00000)    (0.00000,2.43350,0.00000)    (0.00000,0.00000,-1.39281)    (0.00000,0.00000,0.69880)
1.5600s     (0.00000,1.57000,0.00000)    (0.00000,2.44920,0.00000)    (0.00000,0.00000,-3.11585)    (0.00000,0.00000,0.66764)
1.5700s     (0.00000,1.57000,0.00000)    (0.00000,2.46490,0.00000)    (0.00000,0.00000,-2.02463)    (0.00000,0.00000,0.64740)
1.5800s     (0.00000,1.57000,0.00000)    (0.00000,2.48060,0.00000)    (0.00000,0.00000,0.92860)    (0.00000,0.00000,0.65668)
1.5900s     (0.00000,1.57000,0.00000)    (0.00000,2.49630,0.00000)    (0.00000,0.00000,3.03199)    (0.00000,0.00000,0.68700)
1.6000s     (0.00000,1.57000,0.00000)    (0.00000,2.51200,0.00000)    (0.00000,0.00000,2.29536)    (0.00000,0.00000,0.70996)
1.6100s     (0.00000,1.57000,0.00000)    (0.00000,2.52770,0.00000)    (0.00000,0.00000,-0.62690)    (0.00000,0.00000,0.70369)
1.6200s     (0.00000,1.57000,0.00000)    (0.00000,2.54340,0.00000)    (0.00000,0.00000,-2.95815)    (0.00000,0.00000,0.67410)
1.6300s     (0.00000,1.57000,0.00000)    (0.00000,2.55910,0.00000)    (0.00000,0.00000,-2.41598)    (0.00000,0.00000,0.64994)
1.6400s     (0.00000,1.57000,0.00000)    (0.00000,2.57480,0.00000)    (0.00000,0.00000,0.51202)    (0.00000,0.00000,0.65507)
1.6500s     (0.00000,1.57000,0.00000)    (0.00000,2.59050,0.00000)    (0.00000,0.00000,2.94018)    (0.00000,0.00000,0.68447)
1.6600s     (0.00000,1.57000,0.00000)    (0.00000,2.60620,0.00000)    (0.00000,0.00000,2.40931)    (0.00000,0.00000,0.70856)
1.6700s     (0.00000,1.57000,0.00000)    (0.00000,2.62190,0.00000)    (0.00000,0.00000,-0.58365)    (0.00000,0.00000,0.70272)
1.6800s     (0.00000,1.57000,0.00000)    (0.00000,2.63760,0.00000)    (0.00000,0.00000,-2.98524)    (0.00000,0.00000,0.67287)
1.6900s     (0.00000,1.57000,0.00000)    (0.00000,2.65330,0.00000)    (0.00000,0.00000,-2.27524)    (0.00000,0.00000,0.65012)
1.7000s     (0.00000,1.57000,0.00000)    (0.00000,2.66900,0.00000)    (0.00000,0.00000,0.84364)    (0.00000,0.00000,0.65856)
1.7100s     (0.00000,1.57000,0.00000)    (0.00000,2.68470,0.00000)    (0.00000,0.00000,3.07120)    (0.00000,0.00000,0.68927)
1.7200s     (0.00000,1.57000,0.00000)    (0.00000,2.70040,0.00000)    (0.00000,0.00000,1.98634)    (0.00000,0.00000,0.70913)
1.7300s     (0.00000,1.57000,0.00000)    (0.00000,2.71610,0.00000)    (0.00000,0.00000,-1.27314)    (0.00000,0.00000,0.69640)
1.7400s     (0.00000,1.57000,0.00000)    (0.00000,2.73180,0.00000)    (0.00000,0.00000,-3.13697)    (0.00000,0.00000,0.66503)
1.7500s     (0.00000,1.57000,0.00000)    (0.00000,2.74750,0.00000)    (0.00000,0.00000,-1.50076)    (0.00000,0.00000,0.65002)
1.7600s     (0.00000,1.57000,0.00000)    (0.00000,2.76320,0.00000)    (0.00000,0.00000,1.83687)    (0.00000,0.00000,0.66839)
1.7700s     (0.00000,1.57000,0.00000)    (0.00000,2.77890,0.00000)    (0.00000,0.00000,3.08710)    (0.00000,0.00000,0.69926)
1.7800s     (0.00000,1.57000,0.00000)    (0.00000,2.79460,0.00000)    (0.00000,0.00000,0.77874)    (0.00000,0.00000,0.70705)
1.7900s     (0.00000,1.57000,0.00000)    (0.00000,2.81030,0.00000)    (0.00000,0.00000,-2.44513)    (0.00000,0.00000,0.68260)
1.8000s     (0.00000,1.57000,0.00000)    (0.00000,2.82600,0.00000)    (0.00000,0.00000,-2.79659)    (0.00000,0.00000,0.65463)
1.8100s     (0.00000,1.57000,0.00000)    (0.00000,2.84170,0.00000)    (0.00000,0.00000,0.18343)    (0.00000,0.00000,0.65647)
1.8200s     (0.00000,1.57000,0.00000)    (0.00000,2.85740,0.00000)    (0.00000,0.00000,2.95124)    (0.00000,0.00000,0.68598)
1.8300s     (0.00000,1.57000,0.00000)    (0.00000,2.87310,0.00000)    (0.00000,0.00000,2.13779)    (0.00000,0.00000,0.70736)
1.8400s     (0.00000,1.57000,0.00000)    (0.00000,2.88880,0.00000)    (0.00000,0.00000,-1.30399)    (0.00000,0.00000,0.69432)
1.8500s     (0.00000,1.57000,0.00000)    (0.00000,2.90450,0.00000)    (0.00000,0.00000,-3.13729)    (0.00000,0.00000,0.66294)
1.8600s     (0.00000,1.57000,0.00000)    (0.00000,2.92020,0.00000)    (0.00000,0.00000,-1.04149)    (0.00000,0.00000,0.65253)
1.8700s     (0.00000,1.57000,0.00000)    (0.00000,2.93590,0.00000)    (0.00000,0.00000,2.37921)    (0.00000,0.00000,0.67632)
1.8800s     (0.00000,1.57000,0.00000)    (0.00000,2.95160,0.00000)    (0.00000,0.00000,2.76541)    (0.00000,0.00000,0.70397)
1.8900s     (0.00000,1.57000,0.00000)    (0.00000,2.96730,0.00000)    (0.00000,0.00000,-0.41880)    (0.00000,0.00000,0.69979)
1.9000s     (0.00000,1.57000,0.00000)    (0.00000,2.98300,0.00000)    (0.00000,0.00000,-3.06502)    (0.00000,0.00000,0.66914)
1.9100s     (0.00000,1.57000,0.00000)    (0.00000,2.99870,0.00000)    (0.00000,0.00000,-1.68046)    (0.00000,0.00000,0.65233)
1.9200s     (0.00000,1.57000,0.00000)    (0.00000,3.01440,0.00000)    (0.00000,0.00000,1.94289)    (0.00000,0.00000,0.67176)
1.9300s     (0.00000,1.57000,0.00000)    (0.00000,3.03010,0.00000)    (0.00000,0.00000,2.96562)    (0.00000,0.00000,0.70142)
1.9400s     (0.00000,1.57000,0.00000)    (0.00000,3.04580,0.00000)    (0.00000,0.00000,-0.02870)    (0.00000,0.00000,0.70113)
1.9500s     (0.00000,1.57000,0.00000)    (0.00000,3.06150,0.00000)    (0.00000,0.00000,-2.99065)    (0.00000,0.00000,0.67122)
1.9600s     (0.00000,1.57000,0.00000)    (0.00000,3.07720,0.00000)    (0.00000,0.00000,-1.82815)    (0.00000,0.00000,0.65294)
1.9700s     (0.00000,1.57000,0.00000)    (0.00000,3.09290,0.00000)    (0.00000,0.00000,1.88625)    (0.00000,0.00000,0.67180)
1.9800s     (0.00000,1.57000,0.00000)    (0.00000,3.10860,0.00000)    (0.00000,0.00000,2.95386)    (0.00000,0.00000,0.70134)
1.9900s     (0.00000,1.57000,0.00000)    (0.00000,3.12430,0.00000)    (0.00000,0.00000,-0.17057)    (0.00000,0.00000,0.69964)
2.0000s     (0.00000,1.57000,0.00000)    (0.00000,3.14000,0.00000)    (0.00000,0.00000,-3.05698)    (0.00000,0.00000,0.66907)
2.0100s     (0.00000,1.57000,0.00000)    (0.00000,3.15570,0.00000)    (0.00000,0.00000,-1.52815)    (0.00000,0.00000,0.65379)
2.0200s     (0.00000,1.57000,0.00000)    (0.00000,3.17140,0.00000)    (0.00000,0.00000,2.23388)    (0.00000,0.00000,0.67613)
2.0300s     (0.00000,1.57000,0.00000)    (0.00000,3.18710,0.00000)    (0.00000,0.00000,2.71375)    (0.00000,0.00000,0.70326)
2.0400s     (0.00000,1.57000,0.00000)    (0.00000,3.20280,0.00000)    (0.00000,0.00000,-0.83575)    (0.00000,0.00000,0.69491)
2.0500s     (0.00000,1.57000,0.00000)    (0.00000,3.21850,0.00000)    (0.00000,0.00000,-3.13946)    (0.00000,0.00000,0.66351)
2.0600s     (0.00000,1.57000,0.00000)    (0.00000,3.23420,0.00000)    (0.00000,0.00000,-0.70121)    (0.00000,0.00000,0.65650)
2.0700s     (0.00000,1.57000,0.00000)    (0.00000,3.24990,0.00000)    (0.00000,0.00000,2.81044)    (0.00000,0.00000,0.68460)
2.0800s     (0.00000,1.57000,0.00000)    (0.00000,3.26560,0.00000)    (0.00000,0.00000,2.00532)    (0.00000,0.00000,0.70466)
2.0900s     (0.00000,1.57000,0.00000)    (0.00000,3.28130,0.00000)    (0.00000,0.00000,-1.91111)    (0.00000,0.00000,0.68555)
2.1000s     (0.00000,1.57000,0.00000)    (0.00000,3.29700,0.00000)    (0.00000,0.00000,-2.84416)    (0.00000,0.00000,0.65710)
2.1100s     (0.00000,1.57000,0.00000)    (0.00000,3.31270,0.00000)    (0.00000,0.00000,0.70893)    (0.00000,0.00000,0.66419)
2.1200s     (0.00000,1.57000,0.00000)    (0.00000,3.32840,0.00000)    (0.00000,0.00000,3.13905)    (0.00000,0.00000,0.69558)
2.1300s     (0.00000,1.57000,0.00000)    (0.00000,3.34410,0.00000)    (0.00000,0.00000,0.53723)    (0.00000,0.00000,0.70096)
2.1400s     (0.00000,1.57000,0.00000)    (0.00000,3.35980,0.00000)    (0.00000,0.00000,-2.93689)    (0.00000,0.00000,0.67159)
2.1500s     (0.00000,1.57000,0.00000)    (0.00000,3.37550,0.00000)    (0.00000,0.00000,-1.62612)    (0.00000,0.00000,0.65533)
2.1600s     (0.00000,1.57000,0.00000)    (0.00000,3.39120,0.00000)    (0.00000,0.00000,2.36017)    (0.00000,0.00000,0.67893)
2.1700s     (0.00000,1.57000,0.00000)    (0.00000,3.40690,0.00000)    (0.00000,0.00000,2.43902)    (0.00000,0.00000,0.70332)
2.1800s     (0.00000,1.57000,0.00000)    (0.00000,3.42260,0.00000)    (0.00000,0.00000,-1.55673)    (0.00000,0.00000,0.68775)
2.1900s     (0.00000,1.57000,0.00000)    (0.00000,3.43830,0.00000)    (0.00000,0.00000,-2.93529)    (0.00000,0.00000,0.65840)
2.2000s     (0.00000,1.57000,0.00000)    (0.00000,3.45400,0.00000)    (0.00000,0.00000,0.66805)    (0.00000,0.00000,0.66508)
2.2100s     (0.00000,1.57000,0.00000)    (0.00000,3.46970,0.00000)    (0.00000,0.00000,3.13177)    (0.00000,0.00000,0.69640)
2.2200s     (0.00000,1.57000,0.00000)    (0.00000,3.48540,0.00000)    (0.00000,0.00000,0.19757)    (0.00000,0.00000,0.69837)
2.2300s     (0.00000,1.57000,0.00000)    (0.00000,3.50110,0.00000)    (0.00000,0.00000,-3.08260)    (0.00000,0.00000,0.66754)
2.2400s     (0.00000,1.57000,0.00000)    (0.00000,3.51680,0.00000)    (0.00000,0.00000,-0.96700)    (0.00000,0.00000,0.65787)
2.2500s     (0.00000,1.57000,0.00000)    (0.00000,3.53250,0.00000)    (0.00000,0.00000,2.85702)    (0.00000,0.00000,0.68645)
2.2600s     (0.00000,1.57000,0.00000)    (0.00000,3.54820,0.00000)    (0.00000,0.00000,1.60343)    (0.00000,0.00000,0.70248)
2.2700s     (0.00000,1.57000,0.00000)    (0.00000,3.56390,0.00000)    (0.00000,0.00000,-2.52359)    (0.00000,0.00000,0.67724)
2.2800s     (0.00000,1.57000,0.00000)    (0.00000,3.57960,0.00000)    (0.00000,0.00000,-2.09807)    (0.00000,0.00000,0.65626)
2.2900s     (0.00000,1.57000,0.00000)    (0.00000,3.59530,0.00000)    (0.00000,0.00000,2.14377)    (0.00000,0.00000,0.67770)
2.3000s     (0.00000,1.57000,0.00000)    (0.00000,3.61100,0.00000)    (0.00000,0.00000,2.46006)    (0.00000,0.00000,0.70230)
2.3100s     (0.00000,1.57000,0.00000)    (0.00000,3.62670,0.00000)    (0.00000,0.00000,-1.76356)    (0.00000,0.00000,0.68467)
2.3200s     (0.00000,1.57000,0.00000)    (0.00000,3.64240,0.00000)    (0.00000,0.00000,-2.71068)    (0.00000,0.00000,0.65756)
2.3300s     (0.00000,1.57000,0.00000)    (0.00000,3.65810,0.00000)    (0.00000,0.00000,1.41843)    (0.00000,0.00000,0.67174)
2.3400s     (0.00000,1.57000,0.00000)    (0.00000,3.67380,0.00000)    (0.00000,0.00000,2.87344)    (0.00000,0.00000,0.70048)
2.3500s     (0.00000,1.57000,0.00000)    (0.00000,3.68950,0.00000)    (0.00000,0.00000,-1.12958)    (0.00000,0.00000,0.68918)
2.3600s     (0.00000,1.57000,0.00000)    (0.00000,3.70520,0.00000)    (0.00000,0.00000,-2.97276)    (0.00000,0.00000,0.65945)
2.3700s     (0.00000,1.57000,0.00000)    (0.00000,3.72090,0.00000)    (0.00000,0.00000,0.91185)    (0.00000,0.00000,0.66857)
2.3800s     (0.00000,1.57000,0.00000)    (0.00000,3.73660,0.00000)    (0.00000,0.00000,3.02778)    (0.00000,0.00000,0.69885)
2.3900s     (0.00000,1.57000,0.00000)    (0.00000,3.75230,0.00000)    (0.00000,0.00000,-0.77174)    (0.00000,0.00000,0.69113)
2.4000s     (0.00000,1.57000,0.00000)    (0.00000,3.76800,0.00000)    (0.00000,0.00000,-3.05344)    (0.00000,0.00000,0.66060)
2.4100s     (0.00000,1.57000,0.00000)    (0.00000,3.78370,0.00000)    (0.00000,0.00000,0.71375)    (0.00000,0.00000,0.66774)
2.4200s     (0.00000,1.57000,0.00000)    (0.00000,3.79940,0.00000)    (0.00000,0.00000,3.05730)    (0.00000,0.00000,0.69831)
2.4300s     (0.00000,1.57000,0.00000)    (0.00000,3.81510,0.00000)    (0.00000,0.00000,-0.73835)    (0.00000,0.00000,0.69093)
2.4400s     (0.00000,1.57000,0.00000)    (0.00000,3.83080,0.00000)    (0.00000,0.00000,-3.04116)    (0.00000,0.00000,0.66051)
2.4500s     (0.00000,1.57000,0.00000)    (0.00000,3.84650,0.00000)    (0.00000,0.00000,0.84575)    (0.00000,0.00000,0.66897)
2.4600s     (0.00000,1.57000,0.00000)    (0.00000,3.86220,0.00000)    (0.00000,0.00000,2.99921)    (0.00000,0.00000,0.69896)
2.4700s     (0.00000,1.57000,0.00000)    (0.00000,3.87790,0.00000)    (0.00000,0.00000,-1.03270)    (0.00000,0.00000,0.68864)
2.4800s     (0.00000,1.57000,0.00000)    (0.00000,3.89360,0.00000)    (0.00000,0.00000,-2.92004)    (0.00000,0.00000,0.65944)
2.4900s     (0.00000,1.57000,0.00000)    (0.00000,3.90930,0.00000)    (0.00000,0.00000,1.29424)    (0.00000,0.00000,0.67238)
2.5000s     (0.00000,1.57000,0.00000)    (0.00000,3.92500,0.00000)    (0.00000,0.00000,2.78533)    (0.00000,0.00000,0.70023)
2.5100s     (0.00000,1.57000,0.00000)    (0.00000,3.94070,0.00000)    (0.00000,0.00000,-1.61869)    (0.00000,0.00000,0.68404)
2.5200s     (0.00000,1.57000,0.00000)    (0.00000,3.95640,0.00000)    (0.00000,0.00000,-2.57334)    (0.00000,0.00000,0.65831)
2.5300s     (0.00000,1.57000,0.00000)    (0.00000,3.97210,0.00000)    (0.00000,0.00000,1.98830)    (0.00000,0.00000,0.67819)
2.5400s     (0.00000,1.57000,0.00000)    (0.00000,3.98780,0.00000)    (0.00000,0.00000,2.25883)    (0.00000,0.00000,0.70078)
2.5500s     (0.00000,1.57000,0.00000)    (0.00000,4.00350,0.00000)    (0.00000,0.00000,-2.37304)    (0.00000,0.00000,0.67705)
2.5600s     (0.00000,1.57000,0.00000)    (0.00000,4.01920,0.00000)    (0.00000,0.00000,-1.81984)    (0.00000,0.00000,0.65885)
2.5700s     (0.00000,1.57000,0.00000)    (0.00000,4.03490,0.00000)    (0.00000,0.00000,2.73192)    (0.00000,0.00000,0.68617)
2.5800s     (0.00000,1.57000,0.00000)    (0.00000,4.05060,0.00000)    (0.00000,0.00000,1.24061)    (0.00000,0.00000,0.69858)
2.5900s     (0.00000,1.57000,0.00000)    (0.00000,4.06630,0.00000)    (0.00000,0.00000,-3.00881)    (0.00000,0.00000,0.66849)
2.6000s     (0.00000,1.57000,0.00000)    (0.00000,4.08200,0.00000)    (0.00000,0.00000,-0.52214)    (0.00000,0.00000,0.66327)
2.6100s     (0.00000,1.57000,0.00000)    (0.00000,4.09770,0.00000)    (0.00000,0.00000,3.13782)    (0.00000,0.00000,0.69465)
2.6200s     (0.00000,1.57000,0.00000)    (0.00000,4.11340,0.00000)    (0.00000,0.00000,-0.31117)    (0.00000,0.00000,0.69154)
2.6300s     (0.00000,1.57000,0.00000)    (0.00000,4.12910,0.00000)    (0.00000,0.00000,-3.04808)    (0.00000,0.00000,0.66106)
2.6400s     (0.00000,1.57000,0.00000)    (0.00000,4.14480,0.00000)    (0.00000,0.00000,1.20192)    (0.00000,0.00000,0.67307)
2.6500s     (0.00000,1.57000,0.00000)    (0.00000,4.16050,0.00000)    (0.00000,0.00000,2.67730)    (0.00000,0.00000,0.69985)
2.6600s     (0.00000,1.57000,0.00000)    (0.00000,4.17620,0.00000)    (0.00000,0.00000,-2.05489)    (0.00000,0.00000,0.67930)
2.6700s     (0.00000,1.57000,0.00000)    (0.00000,4.19190,0.00000)    (0.00000,0.00000,-1.99105)    (0.00000,0.00000,0.65939)
2.6800s     (0.00000,1.57000,0.00000)    (0.00000,4.20760,0.00000)    (0.00000,0.00000,2.74131)    (0.00000,0.00000,0.68680)
2.6900s     (0.00000,1.57000,0.00000)    (0.00000,4.22330,0.00000)    (0.00000,0.00000,1.00360)    (0.00000,0.00000,0.69684)
2.7000s     (0.00000,1.57000,0.00000)    (0.00000,4.23900,0.00000)    (0.00000,0.00000,-3.11165)    (0.00000,0.00000,0.66572)
2.7100s     (0.00000,1.57000,0.00000)    (0.00000,4.25470,0.00000)    (0.00000,0.00000,0.19862)    (0.00000,0.00000,0.66771)
2.7200s     (0.00000,1.57000,0.00000)    (0.00000,4.27040,0.00000)    (0.00000,0.00000,3.02803)    (0.00000,0.00000,0.69799)
2.7300s     (0.00000,1.57000,0.00000)    (0.00000,4.28610,0.00000)    (0.00000,0.00000,-1.44744)    (0.00000,0.00000,0.68351)
2.7400s     (0.00000,1.57000,0.00000)    (0.00000,4.30180,0.00000)    (0.00000,0.00000,-2.40732)    (0.00000,0.00000,0.65944)
2.7500s     (0.00000,1.57000,0.00000)    (0.00000,4.31750,0.00000)    (0.00000,0.00000,2.50227)    (0.00000,0.00000,0.68446)
2.7600s     (0.00000,1.57000,0.00000)    (0.00000,4.33320,0.00000)    (0.00000,0.00000,1.27168)    (0.00000,0.00000,0.69718)
2.7700s     (0.00000,1.57000,0.00000)    (0.00000,4.34890,0.00000)    (0.00000,0.00000,-3.09008)    (0.00000,0.00000,0.66628)
2.7800s     (0.00000,1.57000,0.00000)    (0.00000,4.36460,0.00000)    (0.00000,0.00000,0.20951)    (0.00000,0.00000,0.66837)
2.7900s     (0.00000,1.57000,0.00000)    (0.00000,4.38030,0.00000)    (0.00000,0.00000,2.98169)    (0.00000,0.00000,0.69819)
2.8000s     (0.00000,1.57000,0.00000)    (0.00000,4.39600,0.00000)    (0.00000,0.00000,-1.71474)    (0.00000,0.00000,0.68104)
2.8100s     (0.00000,1.57000,0.00000)    (0.00000,4.41170,0.00000)    (0.00000,0.00000,-2.08798)    (0.00000,0.00000,0.66016)
2.8200s     (0.00000,1.57000,0.00000)    (0.00000,4.42740,0.00000)    (0.00000,0.00000,2.82067)    (0.00000,0.00000,0.68837)
2.8300s     (0.00000,1.57000,0.00000)    (0.00000,4.44310,0.00000)    (0.00000,0.00000,0.54879)    (0.00000,0.00000,0.69386)
2.8400s     (0.00000,1.57000,0.00000)    (0.00000,4.45880,0.00000)    (0.00000,0.00000,-3.12091)    (0.00000,0.00000,0.66265)
2.8500s     (0.00000,1.57000,0.00000)    (0.00000,4.47450,0.00000)    (0.00000,0.00000,1.23210)    (0.00000,0.00000,0.67497)
2.8600s     (0.00000,1.57000,0.00000)    (0.00000,4.49020,0.00000)    (0.00000,0.00000,2.39574)    (0.00000,0.00000,0.69893)
2.8700s     (0.00000,1.57000,0.00000)    (0.00000,4.50590,0.00000)    (0.00000,0.00000,-2.65781)    (0.00000,0.00000,0.67235)
2.8800s     (0.00000,1.57000,0.00000)    (0.00000,4.52160,0.00000)    (0.00000,0.00000,-0.77163)    (0.00000,0.00000,0.66463)
2.8900s     (0.00000,1.57000,0.00000)    (0.00000,4.53730,0.00000)    (0.00000,0.00000,3.13191)    (0.00000,0.00000,0.69595)
2.9000s     (0.00000,1.57000,0.00000)    (0.00000,4.55300,0.00000)    (0.00000,0.00000,-1.21863)    (0.00000,0.00000,0.68377)
2.9100s     (0.00000,1.57000,0.00000)    (0.00000,4.56870,0.00000)    (0.00000,0.00000,-2.33531)    (0.00000,0.00000,0.66041)
2.9200s     (0.00000,1.57000,0.00000)    (0.00000,4.58440,0.00000)    (0.00000,0.00000,2.75839)    (0.00000,0.00000,0.68800)
2.9300s     (0.00000,1.57000,0.00000)    (0.00000,4.60010,0.00000)    (0.00000,0.00000,0.47223)    (0.00000,0.00000,0.69272)
2.9400s     (0.00000,1.57000,0.00000)    (0.00000,4.61580,0.00000)    (0.00000,0.00000,-3.07553)    (0.00000,0.00000,0.66196)
2.9500s     (0.00000,1.57000,0.00000)    (0.00000,4.63150,0.00000)    (0.00000,0.00000,1.67814)    (0.00000,0.00000,0.67874)
2.9600s     (0.00000,1.57000,0.00000)    (0.00000,4.64720,0.00000)    (0.00000,0.00000,1.87355)    (0.00000,0.00000,0.69748)
2.9700s     (0.00000,1.57000,0.00000)    (0.00000,4.66290,0.00000)    (0.00000,0.00000,-3.03037)    (0.00000,0.00000,0.66718)
2.9800s     (0.00000,1.57000,0.00000)    (0.00000,4.67860,0.00000)    (0.00000,0.00000,0.36404)    (0.00000,0.00000,0.67082)
2.9900s     (0.00000,1.57000,0.00000)    (0.00000,4.69430,0.00000)    (0.00000,0.00000,2.74924)    (0.00000,0.00000,0.69831)
3.0000s     (0.00000,1.57000,0.00000)    (0.00000,4.71000,0.00000)    (0.00000,0.00000,-2.45755)    (0.00000,0.00000,0.67373)
3.0100s     (0.00000,1.57000,0.00000)    (0.00000,4.72570,0.00000)    (0.00000,0.00000,-0.83842)    (0.00000,0.00000,0.66535)
3.0200s     (0.00000,1.57000,0.00000)    (0.00000,4.74140,0.00000)    (0.00000,0.00000,3.11009)    (0.00000,0.00000,0.69645)
3.0300s     (0.00000,1.57000,0.00000)    (0.00000,4.75710,0.00000)    (0.00000,0.00000,-1.64989)    (0.00000,0.00000,0.67995)
3.0400s     (0.00000,1.57000,0.00000)    (0.00000,4.77280,0.00000)    (0.00000,0.00000,-1.76160)    (0.00000,0.00000,0.66234)
3.0500s     (0.00000,1.57000,0.00000)    (0.00000,4.78850,0.00000)    (0.00000,0.00000,3.09642)    (0.00000,0.00000,0.69330)
3.0600s     (0.00000,1.57000,0.00000)    (0.00000,4.80420,0.00000)    (0.00000,0.00000,-0.83360)    (0.00000,0.00000,0.68496)
3.0700s     (0.00000,1.57000,0.00000)    (0.00000,4.81990,0.00000)    (0.00000,0.00000,-2.37918)    (0.00000,0.00000,0.66117)
3.0800s     (0.00000,1.57000,0.00000)    (0.00000,4.83560,0.00000)    (0.00000,0.00000,2.87902)    (0.00000,0.00000,0.68996)
3.0900s     (0.00000,1.57000,0.00000)    (0.00000,4.85130,0.00000)    (0.00000,0.00000,-0.14225)    (0.00000,0.00000,0.68854)
3.1000s     (0.00000,1.57000,0.00000)    (0.00000,4.86700,0.00000)    (0.00000,0.00000,-2.74347)    (0.00000,0.00000,0.66110)
3.1100s     (0.00000,1.57000,0.00000)    (0.00000,4.88270,0.00000)    (0.00000,0.00000,2.60353)    (0.00000,0.00000,0.68714)
3.1200s     (0.00000,1.57000,0.00000)    (0.00000,4.89840,0.00000)    (0.00000,0.00000,0.36626)    (0.00000,0.00000,0.69080)
3.1300s     (0.00000,1.57000,0.00000)    (0.00000,4.91410,0.00000)    (0.00000,0.00000,-2.93185)    (0.00000,0.00000,0.66148)
3.1400s     (0.00000,1.57000,0.00000)    (0.00000,4.92980,0.00000)    (0.00000,0.00000,2.37165)    (0.00000,0.00000,0.68520)
3.1500s     (0.00000,1.57000,0.00000)    (0.00000,4.94550,0.00000)    (0.00000,0.00000,0.67907)    (0.00000,0.00000,0.69199)
3.1600s     (0.00000,1.57000,0.00000)    (0.00000,4.96120,0.00000)    (0.00000,0.00000,-3.01293)    (0.00000,0.00000,0.66186)
3.1700s     (0.00000,1.57000,0.00000)    (0.00000,4.97690,0.00000)    (0.00000,0.00000,2.24330)    (0.00000,0.00000,0.68430)
3.1800s     (0.00000,1.57000,0.00000)    (0.00000,4.99260,0.00000)    (0.00000,0.00000,0.80088)    (0.00000,0.00000,0.69230)
3.1900s     (0.00000,1.57000,0.00000)    (0.00000,5.00830,0.00000)    (0.00000,0.00000,-3.02963)    (0.00000,0.00000,0.66201)
3.2000s     (0.00000,1.57000,0.00000)    (0.00000,5.02400,0.00000)    (0.00000,0.00000,2.24516)    (0.00000,0.00000,0.68446)
3.2100s     (0.00000,1.57000,0.00000)    (0.00000,5.03970,0.00000)    (0.00000,0.00000,0.73625)    (0.00000,0.00000,0.69182)
3.2200s     (0.00000,1.57000,0.00000)    (0.00000,5.05540,0.00000)    (0.00000,0.00000,-2.99267)    (0.00000,0.00000,0.66189)
3.2300s     (0.00000,1.57000,0.00000)    (0.00000,5.07110,0.00000)    (0.00000,0.00000,2.37687)    (0.00000,0.00000,0.68566)
3.2400s     (0.00000,1.57000,0.00000)    (0.00000,5.08680,0.00000)    (0.00000,0.00000,0.48255)    (0.00000,0.00000,0.69049)
3.2500s     (0.00000,1.57000,0.00000)    (0.00000,5.10250,0.00000)    (0.00000,0.00000,-2.87936)    (0.00000,0.00000,0.66170)
3.2600s     (0.00000,1.57000,0.00000)    (0.00000,5.11820,0.00000)    (0.00000,0.00000,2.61093)    (0.00000,0.00000,0.68780)
3.2700s     (0.00000,1.57000,0.00000)    (0.00000,5.13390,0.00000)    (0.00000,0.00000,0.03375)    (0.00000,0.00000,0.68814)
3.2800s     (0.00000,1.57000,0.00000)    (0.00000,5.14960,0.00000)    (0.00000,0.00000,-2.63634)    (0.00000,0.00000,0.66178)
3.2900s     (0.00000,1.57000,0.00000)    (0.00000,5.16530,0.00000)    (0.00000,0.00000,2.88640)    (0.00000,0.00000,0.69064)
3.3000s     (0.00000,1.57000,0.00000)    (0.00000,5.18100,0.00000)    (0.00000,0.00000,-0.60517)    (0.00000,0.00000,0.68459)
3.3100s     (0.00000,1.57000,0.00000)    (0.00000,5.19670,0.00000)    (0.00000,0.00000,-2.18915)    (0.00000,0.00000,0.66270)
3.3200s     (0.00000,1.57000,0.00000)    (0.00000,5.21240,0.00000)    (0.00000,0.00000,3.10030)    (0.00000,0.00000,0.69370)
3.3300s     (0.00000,1.57000,0.00000)    (0.00000,5.22810,0.00000)    (0.00000,0.00000,-1.39341)    (0.00000,0.00000,0.67977)
3.3400s     (0.00000,1.57000,0.00000)    (0.00000,5.24380,0.00000)    (0.00000,0.00000,-1.46448)    (0.00000,0.00000,0.66512)
3.3500s     (0.00000,1.57000,0.00000)    (0.00000,5.25950,0.00000)    (0.00000,0.00000,3.10593)    (0.00000,0.00000,0.69618)
3.3600s     (0.00000,1.57000,0.00000)    (0.00000,5.27520,0.00000)    (0.00000,0.00000,-2.22342)    (0.00000,0.00000,0.67395)
3.3700s     (0.00000,1.57000,0.00000)    (0.00000,5.29090,0.00000)    (0.00000,0.00000,-0.43135)    (0.00000,0.00000,0.66964)
3.3800s     (0.00000,1.57000,0.00000)    (0.00000,5.30660,0.00000)    (0.00000,0.00000,2.73238)    (0.00000,0.00000,0.69696)
3.3900s     (0.00000,1.57000,0.00000)    (0.00000,5.32230,0.00000)    (0.00000,0.00000,-2.89719)    (0.00000,0.00000,0.66799)
3.4000s     (0.00000,1.57000,0.00000)    (0.00000,5.33800,0.00000)    (0.00000,0.00000,0.83982)    (0.00000,0.00000,0.67639)
3.4100s     (0.00000,1.57000,0.00000)    (0.00000,5.35370,0.00000)    (0.00000,0.00000,1.84140)    (0.00000,0.00000,0.69480)
3.4200s     (0.00000,1.57000,0.00000)    (0.00000,5.36940,0.00000)    (0.00000,0.00000,-3.13551)    (0.00000,0.00000,0.66344)
3.4300s     (0.00000,1.57000,0.00000)    (0.00000,5.38510,0.00000)    (0.00000,0.00000,2.11836)    (0.00000,0.00000,0.68463)
3.4400s     (0.00000,1.57000,0.00000)    (0.00000,5.40080,0.00000)    (0.00000,0.00000,0.42748)    (0.00000,0.00000,0.68890)
3.4500s     (0.00000,1.57000,0.00000)    (0.00000,5.41650,0.00000)    (0.00000,0.00000,-2.65376)    (0.00000,0.00000,0.66237)
3.4600s     (0.00000,1.57000,0.00000)    (0.00000,5.43220,0.00000)    (0.00000,0.00000,3.00027)    (0.00000,0.00000,0.69237)
3.4700s     (0.00000,1.57000,0.00000)    (0.00000,5.44790,0.00000)    (0.00000,0.00000,-1.26507)    (0.00000,0.00000,0.67972)
3.4800s     (0.00000,1.57000,0.00000)    (0.00000,5.46360,0.00000)    (0.00000,0.00000,-1.32380)    (0.00000,0.00000,0.66648)
3.4900s     (0.00000,1.57000,0.00000)    (0.00000,5.47930,0.00000)    (0.00000,0.00000,3.00657)    (0.00000,0.00000,0.69654)
3.5000s     (0.00000,1.57000,0.00000)    (0.00000,5.49500,0.00000)    (0.00000,0.00000,-2.68716)    (0.00000,0.00000,0.66967)
3.5100s     (0.00000,1.57000,0.00000)    (0.00000,5.51070,0.00000)    (0.00000,0.00000,0.61643)    (0.00000,0.00000,0.67584)
3.5200s     (0.00000,1.57000,0.00000)    (0.00000,5.52640,0.00000)    (0.00000,0.00000,1.83735)    (0.00000,0.00000,0.69421)
3.5300s     (0.00000,1.57000,0.00000)    (0.00000,5.54210,0.00000)    (0.00000,0.00000,-3.11358)    (0.00000,0.00000,0.66308)
3.5400s     (0.00000,1.57000,0.00000)    (0.00000,5.55780,0.00000)    (0.00000,0.00000,2.44308)    (0.00000,0.00000,0.68751)
3.5500s     (0.00000,1.57000,0.00000)    (0.00000,5.57350,0.00000)    (0.00000,0.00000,-0.27991)    (0.00000,0.00000,0.68471)
3.5600s     (0.00000,1.57000,0.00000)    (0.00000,5.58920,0.00000)    (0.00000,0.00000,-2.03784)    (0.00000,0.00000,0.66433)
3.5700s     (0.00000,1.57000,0.00000)    (0.00000,5.60490,0.00000)    (0.00000,0.00000,3.13097)    (0.00000,0.00000,0.69564)
3.5800s     (0.00000,1.57000,0.00000)    (0.00000,5.62060,0.00000)    (0.00000,0.00000,-2.38929)    (0.00000,0.00000,0.67175)
3.5900s     (0.00000,1.57000,0.00000)    (0.00000,5.63630,0.00000)    (0.00000,0.00000,0.28103)    (0.00000,0.00000,0.67456)
3.6000s     (0.00000,1.57000,0.00000)    (0.00000,5.65200,0.00000)    (0.00000,0.00000,1.97117)    (0.00000,0.00000,0.69427)
3.6100s     (0.00000,1.57000,0.00000)    (0.00000,5.66770,0.00000)    (0.00000,0.00000,-3.11327)    (0.00000,0.00000,0.66313)
3.6200s     (0.00000,1.57000,0.00000)    (0.00000,5.68340,0.00000)    (0.00000,0.00000,2.54801)    (0.00000,0.00000,0.68861)
3.6300s     (0.00000,1.57000,0.00000)    (0.00000,5.69910,0.00000)    (0.00000,0.00000,-0.61989)    (0.00000,0.00000,0.68242)
3.6400s     (0.00000,1.57000,0.00000)    (0.00000,5.71480,0.00000)    (0.00000,0.00000,-1.62094)    (0.00000,0.00000,0.66621)
3.6500s     (0.00000,1.57000,0.00000)    (0.00000,5.73050,0.00000)    (0.00000,0.00000,3.00522)    (0.00000,0.00000,0.69626)
3.6600s     (0.00000,1.57000,0.00000)    (0.00000,5.74620,0.00000)    (0.00000,0.00000,-2.84952)    (0.00000,0.00000,0.66776)
3.6700s     (0.00000,1.57000,0.00000)    (0.00000,5.76190,0.00000)    (0.00000,0.00000,1.27042)    (0.00000,0.00000,0.68047)
3.6800s     (0.00000,1.57000,0.00000)    (0.00000,5.77760,0.00000)    (0.00000,0.00000,0.92017)    (0.00000,0.00000,0.68967)
3.6900s     (0.00000,1.57000,0.00000)    (0.00000,5.79330,0.00000)    (0.00000,0.00000,-2.65000)    (0.00000,0.00000,0.66317)
3.7000s     (0.00000,1.57000,0.00000)    (0.00000,5.80900,0.00000)    (0.00000,0.00000,3.11179)    (0.00000,0.00000,0.69429)
3.7100s     (0.00000,1.57000,0.00000)    (0.00000,5.82470,0.00000)    (0.00000,0.00000,-2.12435)    (0.00000,0.00000,0.67304)
3.7200s     (0.00000,1.57000,0.00000)    (0.00000,5.84040,0.00000)    (0.00000,0.00000,0.17663)    (0.00000,0.00000,0.67481)
3.7300s     (0.00000,1.57000,0.00000)    (0.00000,5.85610,0.00000)    (0.00000,0.00000,1.83384)    (0.00000,0.00000,0.69315)
3.7400s     (0.00000,1.57000,0.00000)    (0.00000,5.87180,0.00000)    (0.00000,0.00000,-3.02295)    (0.00000,0.00000,0.66292)
3.7500s     (0.00000,1.57000,0.00000)    (0.00000,5.88750,0.00000)    (0.00000,0.00000,2.90126)    (0.00000,0.00000,0.69193)
3.7600s     (0.00000,1.57000,0.00000)    (0.00000,5.90320,0.00000)    (0.00000,0.00000,-1.55672)    (0.00000,0.00000,0.67636)
3.7700s     (0.00000,1.57000,0.00000)    (0.00000,5.91890,0.00000)    (0.00000,0.00000,-0.41978)    (0.00000,0.00000,0.67217)
3.7800s     (0.00000,1.57000,0.00000)    (0.00000,5.93460,0.00000)    (0.00000,0.00000,2.20846)    (0.00000,0.00000,0.69425)
3.7900s     (0.00000,1.57000,0.00000)    (0.00000,5.95030,0.00000)    (0.00000,0.00000,-3.10404)    (0.00000,0.00000,0.66321)
3.8000s     (0.00000,1.57000,0.00000)    (0.00000,5.96600,0.00000)    (0.00000,0.00000,2.78384)    (0.00000,0.00000,0.69105)
3.8100s     (0.00000,1.57000,0.00000)    (0.00000,5.98170,0.00000)    (0.00000,0.00000,-1.40595)    (0.00000,0.00000,0.67699)
3.8200s     (0.00000,1.57000,0.00000)    (0.00000,5.99740,0.00000)    (0.00000,0.00000,-0.48346)    (0.00000,0.00000,0.67215)
3.8300s     (0.00000,1.57000,0.00000)    (0.00000,6.01310,0.00000)    (0.00000,0.00000,2.17817)    (0.00000,0.00000,0.69394)
3.8400s     (0.00000,1.57000,0.00000)    (0.00000,6.02880,0.00000)    (0.00000,0.00000,-3.07807)    (0.00000,0.00000,0.66316)
3.8500s     (0.00000,1.57000,0.00000)    (0.00000,6.04450,0.00000)    (0.00000,0.00000,2.89277)    (0.00000,0.00000,0.69208)
3.8600s     (0.00000,1.57000,0.00000)    (0.00000,6.06020,0.00000)    (0.00000,0.00000,-1.71990)    (0.00000,0.00000,0.67488)
3.8700s     (0.00000,1.57000,0.00000)    (0.00000,6.07590,0.00000)    (0.00000,0.00000,-0.01632)    (0.00000,0.00000,0.67472)
3.8800s     (0.00000,1.57000,0.00000)    (0.00000,6.09160,0.00000)    (0.00000,0.00000,1.72929)    (0.00000,0.00000,0.69201)
3.8900s     (0.00000,1.57000,0.00000)    (0.00000,6.10730,0.00000)    (0.00000,0.00000,-2.87185)    (0.00000,0.00000,0.66330)
3.9000s     (0.00000,1.57000,0.00000)    (0.00000,6.12300,0.00000)    (0.00000,0.00000,3.10559)    (0.00000,0.00000,0.69435)
3.9100s     (0.00000,1.57000,0.00000)    (0.00000,6.13870,0.00000)    (0.00000,0.00000,-2.38971)    (0.00000,0.00000,0.67045)
3.9200s     (0.00000,1.57000,0.00000)    (0.00000,6.15440,0.00000)    (0.00000,0.00000,0.97003)    (0.00000,0.00000,0.68015)
3.9300s     (0.00000,1.57000,0.00000)    (0.00000,6.17010,0.00000)    (0.00000,0.00000,0.71587)    (0.00000,0.00000,0.68731)
3.9400s     (0.00000,1.57000,0.00000)    (0.00000,6.18580,0.00000)    (0.00000,0.00000,-2.17981)    (0.00000,0.00000,0.66552)
3.9500s     (0.00000,1.57000,0.00000)    (0.00000,6.20150,0.00000)    (0.00000,0.00000,3.02370)    (0.00000,0.00000,0.69575)
3.9600s     (0.00000,1.57000,0.00000)    (0.00000,6.21720,0.00000)    (0.00000,0.00000,-3.04184)    (0.00000,0.00000,0.66533)
3.9700s     (0.00000,1.57000,0.00000)    (0.00000,6.23290,0.00000)    (0.00000,0.00000,2.25949)    (0.00000,0.00000,0.68793)
3.9800s     (0.00000,1.57000,0.00000)    (0.00000,6.24860,0.00000)    (0.00000,0.00000,-0.90719)    (0.00000,0.00000,0.67886)
3.9900s     (0.00000,1.57000,0.00000)    (0.00000,6.26430,0.00000)    (0.00000,0.00000,-0.65527)    (0.00000,0.00000,0.67230)
4.0000s     (0.00000,1.57000,0.00000)    (0.00000,6.28000,0.00000)    (0.00000,0.00000,2.03896)    (0.00000,0.00000,0.69269)
